ID,sensor,tiempo,actividad,evento,exito
578,1,136369,1,0,0
578,1,136385,2,0,0
578,1,136402,3,0,0
578,1,136420,4,0,0
578,1,136438,5,0,0
578,1,136459,6,0,0
578,1,136478,7,0,0
578,1,136498,8,0,0
578,1,136549,9,0,0
578,1,136568,10,0,0
578,1,136588,11,0,0
578,1,136607,12,0,0
578,1,136627,13,0,0
578,1,136650,14,0,0
578,1,136670,15,0,0
578,1,136689,16,0,0
578,1,136709,17,0,0
578,1,136721,18,0,0
578,1,136748,19,0,0
578,1,136768,20,0,0
578,1,136787,21,0,0
578,1,136800,22,0,0
578,1,136818,23,0,0
579,1,133687,1,0,0
579,1,133730,2,0,0
579,1,133749,3,0,0
579,1,133769,4,0,0
579,1,133798,5,0,0
579,1,133818,6,0,0
579,1,133837,7,0,0
579,1,133857,8,0,0
579,1,133876,9,0,0
579,1,133896,10,0,0
579,1,133918,11,0,0
579,1,133938,12,0,0
579,1,133957,13,0,0
579,1,133977,14,0,0
579,1,133996,15,0,0
579,1,134014,16,0,0
581,1,128633,1,0,0
581,1,128653,2,0,0
581,1,128673,3,0,0
581,1,128694,4,0,0
581,1,130302,5,1,1
581,1,130315,6,1,1
581,1,130331,7,1,1
581,1,130351,8,1,1
581,1,130371,9,1,1
581,1,130392,10,1,1
581,1,130411,11,1,1
581,1,130432,12,1,1
581,1,130452,13,1,1
581,1,130471,14,1,1
581,1,130492,15,1,1
581,1,130520,16,1,1
581,1,130540,17,1,1
581,1,130897,18,1,1
581,1,130918,19,1,1
581,1,131080,20,1,1
581,1,131099,21,1,1
580,1,134775,1,0,0
580,1,134795,2,0,0
580,1,134814,3,0,0
580,1,134834,4,0,0
580,1,136442,5,1,1
580,1,136492,6,1,1
580,1,136530,7,1,1
580,1,136550,8,1,1
580,1,136569,9,1,1
580,1,136589,10,1,1
580,1,136628,11,1,1
580,1,136671,12,1,1
580,1,136690,13,1,1
580,1,136710,14,1,1
580,1,136729,15,1,1
580,1,136749,16,1,1
580,1,136780,17,1,1
580,1,136819,18,1,1
580,1,136960,19,1,1
580,1,136979,20,1,1
580,1,136998,21,1,1
580,1,137018,22,1,1
580,1,137033,23,1,1
580,0,608754,1,0,0
580,0,608775,2,0,0
580,0,608825,3,0,0
579,0,621732,1,1,1
579,0,621987,2,1,1
579,0,622296,3,1,1
579,0,622504,4,1,1
579,0,622725,5,1,1
579,0,622949,6,1,1
579,0,623060,7,1,1
579,0,623288,8,1,1
579,0,623400,9,1,1
579,0,623636,10,1,1
579,0,623752,11,1,1
579,0,623867,12,1,1
579,0,624099,13,1,1
579,0,624215,14,1,1
579,0,624343,15,1,1
579,0,624454,16,1,1
579,0,624578,17,1,1
579,0,624698,18,1,1
579,0,624821,19,1,1
579,0,624936,20,1,1
579,0,625056,21,1,1
579,0,625180,22,1,1
579,0,625304,23,1,1
579,0,625412,24,1,1
579,0,625539,25,1,1
579,0,625662,26,1,1
579,0,625782,27,1,1
579,0,625901,28,1,1
579,0,626021,29,1,1
579,0,626152,30,1,1
579,0,626272,31,1,1
579,0,626396,32,1,1
579,0,626523,33,1,1
579,0,626651,34,1,1
579,0,626782,35,1,1
579,0,626913,36,1,1
579,0,627044,37,1,1
579,0,627164,38,1,1
579,0,627292,39,1,1
579,0,627419,40,1,1
579,0,627538,41,1,1
579,0,627661,42,1,1
579,0,627793,43,1,1
579,0,627924,44,1,1
579,0,628048,45,1,1
579,0,628183,46,1,1
579,0,628315,47,1,1
580,1,626012,24,1,1
580,1,626257,25,1,1
580,1,626445,26,1,1
580,1,626542,27,1,1
580,1,626648,28,1,1
580,1,626749,29,1,1
580,1,626859,30,1,1
580,1,626960,31,1,1
580,1,627061,32,1,1
580,1,627174,33,1,1
580,1,627279,34,1,1
580,1,627401,35,1,1
580,1,627510,36,1,1
580,1,627619,37,1,1
580,1,627728,38,1,1
580,1,627834,39,1,1
579,0,632178,48,1,1
580,1,627943,40,1,1
579,0,632274,49,1,1
579,0,632379,50,1,1
580,1,628068,41,1,1
579,0,632479,51,1,1
580,1,628193,42,1,1
579,0,632588,52,1,1
579,0,632699,53,1,1
579,0,632815,54,1,1
580,1,628568,43,1,1
579,0,632931,55,1,1
580,1,628672,44,1,1
579,0,633055,56,1,1
580,1,628790,45,1,1
579,0,633179,57,1,1
580,1,628894,46,1,1
579,0,633302,58,1,1
580,1,629020,47,1,1
579,0,633430,59,1,1
580,1,629133,48,1,1
579,0,633541,60,1,1
580,1,629242,49,1,1
579,0,633661,61,1,1
580,1,629355,50,1,1
579,0,633784,62,1,1
580,1,629480,51,1,1
579,0,633904,63,1,1
580,1,629594,52,1,1
579,0,634028,64,1,1
580,1,629710,53,1,1
579,0,634146,65,1,1
580,1,629831,54,1,1
580,1,629948,55,1,1
579,0,634274,66,1,1
580,1,630062,56,1,1
579,0,634394,67,1,1
580,1,630178,57,1,1
580,1,630288,58,1,1
579,0,634630,68,1,1
580,1,630409,59,1,1
579,0,634748,69,1,1
580,1,630534,60,1,1
579,0,634872,70,1,1
580,1,630643,61,1,1
579,0,634992,71,1,1
579,0,635116,72,1,1
579,0,635228,73,1,1
579,0,635343,74,1,1
579,0,635467,75,1,1
580,1,631196,62,1,1
579,0,635594,76,1,1
580,1,631333,63,1,1
579,0,635714,77,1,1
580,1,631489,64,1,1
579,0,635834,78,1,1
579,0,635954,79,1,1
580,1,631641,65,1,1
579,0,636078,80,1,1
580,1,631801,66,1,1
579,0,636196,81,1,1
580,1,631930,67,1,1
579,0,636313,82,1,1
579,0,636437,83,1,1
580,1,632230,68,1,1
579,0,636560,84,1,1
579,0,636672,85,1,1
580,1,632422,69,1,1
579,0,636795,86,1,1
580,1,632566,70,1,1
579,0,636922,87,1,1
580,1,632769,71,1,1
580,1,632933,72,1,1
580,1,633096,73,1,1
580,1,633424,74,1,1
580,1,633595,75,1,1
580,1,633724,76,1,1
580,1,634021,77,1,1
580,1,634153,78,1,1
580,1,634201,79,1,1
580,1,634310,80,1,1
580,1,634466,81,1,1
580,1,634888,82,1,1
579,0,640716,88,1,1
579,0,640825,89,1,1
579,0,640925,90,1,1
579,0,641041,91,1,1
579,0,641157,92,1,1
579,0,641276,93,1,1
579,0,641388,94,1,1
579,0,641512,95,1,1
579,0,641639,96,1,1
579,0,641756,97,1,1
579,0,641871,98,1,1
579,0,641998,99,1,1
579,0,642122,100,1,1
579,0,642253,101,1,1
579,0,642392,102,1,1
579,0,642520,103,1,1
579,0,642639,104,1,1
579,0,642770,105,1,1
579,0,642925,106,1,1
579,0,643076,107,1,1
579,0,643191,108,1,1
579,0,643315,109,1,1
579,0,643442,110,1,1
581,1,642025,22,1,1
581,1,642102,23,1,1
581,1,642339,24,1,1
581,1,642408,25,1,1
581,1,642500,26,1,1
581,1,642581,27,1,1
579,1,651113,17,0,0
579,1,651206,18,0,0
579,1,651348,19,0,0
579,1,651541,20,0,0
579,1,651704,21,0,0
579,1,651874,22,0,0
579,1,652009,23,0,0
579,0,659452,-1,True,False
579,0,659456,-1,True,False
579,0,659465,-1,True,False
579,0,659473,-1,True,False
579,0,659482,-1,True,False
579,0,659490,-1,True,False
579,0,659501,-1,True,False
579,0,659508,-1,True,False
579,0,659518,-1,True,False
579,0,659526,-1,False,False
579,0,659535,-1,False,False
579,0,659544,-1,False,False
579,0,659553,-1,False,False
579,0,659561,-1,False,False
579,0,659570,-1,False,False
579,0,659578,-1,False,False
579,0,659589,-1,False,False
579,0,659597,-1,False,False
579,0,659606,-1,False,False
579,0,659614,-1,False,False
579,0,659623,-1,False,False
579,0,659632,-1,False,False
579,0,659641,-1,False,False
579,0,659649,-1,False,False
579,0,659659,-1,False,False
579,0,659667,-1,False,False
579,0,659677,-1,False,False
579,0,659685,-1,False,False
579,0,659694,-1,False,False
579,0,659702,-1,False,False
579,0,659712,-1,False,False
579,0,659720,-1,False,False
579,0,659730,-1,False,False
579,0,659738,-1,False,False
579,0,659747,-1,False,False
579,0,659756,-1,False,False
579,0,659765,-1,False,False
579,0,659773,-1,False,False
579,0,659783,-1,False,False
579,0,659791,-1,False,False
579,0,659801,-1,False,False
579,0,659809,-1,False,False
579,0,659818,-1,False,False
579,0,659826,-1,False,False
579,0,659835,-1,False,False
579,0,659844,-1,False,False
579,0,659854,-1,False,False
579,0,659862,-1,False,False
579,0,659871,-1,False,False
579,0,659879,-1,False,False
579,0,659889,-1,False,False
579,0,659897,-1,False,False
579,0,659906,-1,False,False
579,0,659914,-1,False,False
579,0,659924,-1,False,False
579,0,659933,-1,False,False
579,0,659942,-1,False,False
579,0,659950,-1,False,False
579,0,659959,-1,False,False
579,0,659968,-1,False,False
579,0,659977,-1,False,False
579,0,659985,-1,False,False
579,0,659995,-1,False,False
579,0,660003,-1,False,False
579,0,660013,-1,False,False
579,0,660021,-1,False,False
579,0,660030,-1,False,False
579,0,660038,-1,False,False
579,0,660048,-1,False,False
579,0,660056,-1,False,False
579,0,660066,-1,False,False
579,0,660074,-1,False,False
579,0,660083,-1,False,False
579,0,660091,-1,False,False
579,0,660101,-1,False,False
579,0,660109,-1,False,False
579,0,660119,-1,False,False
579,0,660127,-1,False,False
579,0,660136,-1,False,False
579,0,660145,-1,False,False
579,0,660154,-1,False,False
579,0,660162,-1,False,False
579,0,664821,111,1,1
579,0,664918,112,1,1
579,0,665026,113,1,1
579,0,665138,114,1,1
579,0,666823,115,2,2
580,0,666223,4,0,0
580,0,666309,5,0,0
580,0,666387,6,0,0
580,0,666500,7,0,0
580,0,666602,8,0,0
580,0,666695,9,0,0
580,0,666792,10,0,0
580,0,666891,11,0,0
580,0,666995,12,0,0
580,0,667097,13,0,0
580,0,667202,14,0,0
580,0,667303,15,0,0
580,0,667409,16,0,0
580,0,667522,17,0,0
580,0,667631,18,0,0
580,0,667749,19,0,0
580,0,667862,20,0,0
580,0,667975,21,0,0
580,0,668092,22,0,0
580,0,668209,23,0,0
580,0,668325,24,0,0
580,0,668451,25,0,0
580,0,668571,26,0,0
580,0,668689,27,0,0
580,0,668810,28,0,0
580,0,668939,29,0,0
580,0,669060,30,0,0
580,0,669185,31,0,0
580,0,669305,32,0,0
580,0,669426,33,0,0
580,0,669547,34,0,0
579,0,676110,-1,True,False
579,0,676113,-1,True,False
579,0,676122,-1,True,False
579,0,676130,-1,True,False
579,0,676140,-1,True,False
579,0,676148,-1,True,False
579,0,676158,-1,True,False
579,0,676165,-1,True,False
579,0,676175,-1,True,False
579,0,676184,-1,False,False
579,0,676193,-1,False,False
579,0,676201,-1,False,False
579,0,676210,-1,False,False
579,0,676238,-1,False,False
579,0,676241,-1,False,False
579,0,676250,-1,False,False
579,0,676258,-1,False,False
579,0,676269,-1,False,False
579,0,676277,-1,False,False
579,0,676286,-1,False,False
579,0,676294,-1,False,False
579,0,676303,-1,False,False
579,0,676312,-1,False,False
579,0,676321,-1,False,False
579,0,676329,-1,False,False
579,0,676339,-1,False,False
579,0,676347,-1,False,False
579,0,676357,-1,False,False
579,0,676365,-1,False,False
579,0,676374,-1,False,False
579,0,676382,-1,False,False
579,0,676391,-1,False,False
579,0,676400,-1,False,False
579,0,676410,-1,False,False
579,0,676418,-1,False,False
579,0,676427,-1,False,False
579,0,676435,-1,False,False
579,0,676445,-1,False,False
579,0,676453,-1,False,False
579,0,676462,-1,False,False
579,0,676470,-1,False,False
579,0,676481,-1,False,False
579,0,676489,-1,False,False
579,0,676498,-1,False,False
579,0,676506,-1,False,False
579,0,676515,-1,False,False
579,0,676524,-1,False,False
580,1,677841,83,1,1
580,0,685036,-1,False,True
580,0,685039,-1,False,True
580,0,685049,-1,False,True
580,0,685057,-1,False,True
580,0,685067,-1,False,True
580,0,685075,-1,False,True
580,0,685084,-1,False,True
580,0,685092,-1,False,True
580,0,685102,-1,False,False
580,0,685110,-1,False,False
580,0,685119,-1,False,False
580,0,685127,-1,False,False
580,0,685136,-1,False,False
580,0,685145,-1,False,False
580,0,685155,-1,False,False
580,0,685163,-1,False,False
580,0,685172,-1,False,False
580,0,685180,-1,False,False
580,0,685190,-1,False,False
580,0,685198,-1,False,False
580,0,685207,-1,False,False
580,0,685215,-1,False,False
580,0,685225,-1,False,False
580,0,685234,-1,False,False
581,0,683758,-1,False,True
580,0,685243,-1,False,False
580,0,685251,-1,False,False
581,0,683762,-1,False,True
580,0,685260,-1,False,False
581,0,683771,-1,False,True
580,0,685268,-1,False,False
581,0,683780,-1,False,True
580,0,685278,-1,False,False
581,0,683789,-1,False,True
580,0,685286,-1,False,False
581,0,683797,-1,False,True
580,0,685296,-1,False,False
581,0,683806,-1,False,True
580,0,685304,-1,False,False
581,0,683814,-1,False,True
580,0,685314,-1,False,False
581,0,683824,-1,False,False
580,0,685322,-1,False,False
581,0,683832,-1,False,False
580,0,685331,-1,False,False
581,0,683841,-1,False,False
580,0,685339,-1,False,False
581,0,683849,-1,False,False
580,0,685349,-1,False,False
581,0,683859,-1,False,False
580,0,685358,-1,False,False
581,0,683868,-1,False,False
580,0,685367,-1,False,False
581,0,683877,-1,False,False
580,0,685375,-1,False,False
581,0,683885,-1,False,False
580,0,685384,-1,False,False
581,0,683894,-1,False,False
580,0,685392,-1,False,False
581,0,683902,-1,False,False
580,0,685402,-1,False,False
581,0,683912,-1,False,False
580,0,685410,-1,False,False
581,0,683920,-1,False,False
580,0,685420,-1,False,False
581,0,683930,-1,False,False
580,0,685428,-1,False,False
581,0,683938,-1,False,False
580,0,685437,-1,False,False
581,0,683948,-1,False,False
580,0,685446,-1,False,False
581,0,683956,-1,False,False
580,0,685455,-1,False,False
581,0,683965,-1,False,False
580,0,685463,-1,False,False
581,0,683973,-1,False,False
580,0,685472,-1,False,False
581,0,683983,-1,False,False
580,0,685480,-1,False,False
581,0,683992,-1,False,False
580,0,685491,-1,False,False
581,0,684001,-1,False,False
580,0,685499,-1,False,False
581,0,684009,-1,False,False
580,0,685508,-1,False,False
581,0,684018,-1,False,False
580,0,685516,-1,False,False
581,0,684026,-1,False,False
580,0,685526,-1,False,False
581,0,684036,-1,False,False
580,0,685534,-1,False,False
581,0,684044,-1,False,False
581,0,684054,-1,False,False
581,0,684062,-1,False,False
581,0,684071,-1,False,False
581,0,684080,-1,False,False
581,0,684089,-1,False,False
581,0,684097,-1,False,False
581,0,684106,-1,False,False
581,0,684114,-1,False,False
581,0,684125,-1,False,False
581,0,684133,-1,False,False
581,0,684142,-1,False,False
581,0,684150,-1,False,False
581,0,684160,-1,False,False
580,1,692853,84,1,1
580,1,692959,85,1,1
580,1,693068,86,1,1
580,1,693209,87,1,1
580,1,694910,88,2,2
580,1,694923,89,2,2
580,1,695038,90,2,2
581,1,693663,28,1,1
580,1,695163,91,2,2
581,1,693791,29,1,1
580,1,695276,92,2,2
581,1,693900,30,1,1
580,1,695390,93,2,2
580,1,695502,94,2,2
580,1,695619,95,2,2
580,1,695744,96,2,2
580,1,695862,97,2,2
580,1,695974,98,2,2
580,1,696095,99,2,2
580,1,696232,100,2,2
580,1,696349,101,2,2
580,1,696478,102,2,2
580,1,696606,103,2,2
580,1,696723,104,2,2
580,1,696841,105,2,2
580,1,696962,106,2,2
580,1,697091,107,2,2
580,1,697211,108,2,2
580,1,697321,109,2,2
580,1,697445,110,2,2
580,1,697563,111,2,2
580,1,697683,112,2,2
580,1,697804,113,2,2
580,1,697925,114,2,2
580,1,698043,115,2,2
580,1,698172,116,2,2
580,1,698300,117,2,2
580,1,698421,118,2,2
580,1,698550,119,2,2
580,1,698671,120,2,2
580,1,698796,121,2,2
580,1,698929,122,2,2
580,1,699053,123,2,2
580,1,699174,124,2,2
580,1,699311,125,2,2
580,1,699440,126,2,2
580,1,699569,127,2,2
580,1,699693,128,2,2
580,1,699830,129,2,2
580,1,699959,130,2,2
580,1,700076,131,2,2
580,1,700189,132,2,2
580,1,700313,133,2,2
580,1,700459,134,2,2
580,1,700591,135,2,2
580,1,700739,136,2,2
580,1,700871,137,2,2
580,1,701664,138,2,2
580,1,701765,139,2,2
578,0,715230,1,1,1
578,0,715578,2,1,1
578,0,715676,3,1,1
578,0,715887,4,1,1
578,0,715994,5,1,1
578,0,716095,6,1,1
578,0,716299,7,1,1
578,0,716522,8,1,1
578,0,716627,9,1,1
578,0,716855,10,1,1
578,0,716957,11,1,1
578,0,717074,12,1,1
578,0,717180,13,1,1
578,0,717294,14,1,1
578,0,717415,15,1,1
578,0,717524,16,1,1
578,0,717638,17,1,1
578,0,717749,18,1,1
578,0,717862,19,1,1
578,0,717976,20,1,1
578,0,718093,21,1,1
578,0,718211,22,1,1
578,0,718332,23,1,1
579,0,713053,116,2,2
579,0,713164,117,2,2
579,0,713257,118,2,2
579,0,713361,119,2,2
579,0,715063,120,3,3
579,0,715188,121,3,3
579,0,715925,122,3,3
579,0,716087,123,3,3
579,0,716335,124,3,3
579,0,716689,125,3,3
579,0,716814,126,3,3
579,0,716941,127,3,3
579,0,717057,128,3,3
579,0,717172,129,3,3
579,0,717288,130,3,3
579,0,717405,131,3,3
580,0,713105,35,0,0
580,0,713214,36,0,0
579,0,717519,132,3,3
580,0,713342,37,0,0
579,0,717755,133,3,3
580,0,713460,38,0,0
579,0,717876,134,3,3
580,0,713596,39,0,0
578,1,723622,24,0,0
579,0,717990,135,3,3
580,0,713710,40,0,0
579,0,718102,136,3,3
578,1,723787,25,0,0
580,0,713854,41,0,0
579,0,718219,137,3,3
578,1,723877,26,0,0
580,0,713978,42,0,0
580,0,714096,43,0,0
578,1,724066,27,0,0
578,1,724167,28,0,0
580,0,714225,44,0,0
580,0,714381,45,0,0
578,1,724457,29,0,0
580,0,714513,46,0,0
580,0,714658,47,0,0
578,1,724669,30,0,0
578,1,724766,31,0,0
578,1,725084,32,0,0
578,1,725307,33,0,0
578,1,725408,34,0,0
578,1,725519,35,0,0
578,1,725624,36,0,0
578,1,725734,37,0,0
578,1,725852,38,0,0
578,1,725961,39,0,0
578,1,726067,40,0,0
578,1,726177,41,0,0
578,1,726283,42,0,0
578,1,726404,43,0,0
578,1,726513,44,0,0
579,0,723187,138,3,3
579,0,723311,139,3,3
579,0,723481,140,3,3
579,0,723573,141,3,3
579,0,723670,142,3,3
579,0,723874,143,3,3
579,0,723979,144,3,3
579,0,724086,145,3,3
579,0,724195,146,3,3
579,0,724306,147,3,3
579,0,724427,148,3,3
579,0,724539,149,3,3
579,0,724651,150,3,3
579,0,724763,151,3,3
579,0,725106,152,3,3
579,0,725222,153,3,3
579,0,725354,154,3,3
579,0,725466,155,3,3
579,0,725577,156,3,3
579,0,725689,157,3,3
578,0,734754,-1,True,False
578,0,734758,-1,True,False
578,0,734768,-1,True,False
578,0,734776,-1,True,False
578,0,734785,-1,True,False
578,0,734793,-1,True,False
578,0,734802,-1,True,False
578,0,734811,-1,True,False
578,0,734820,-1,True,False
578,0,734828,-1,False,False
578,0,734837,-1,False,False
578,0,734845,-1,False,False
578,0,734856,-1,False,False
578,0,734864,-1,False,False
578,0,734873,-1,False,False
578,0,734881,-1,False,False
578,0,734891,-1,False,False
578,0,734899,-1,False,False
578,0,734909,-1,False,False
578,0,734917,-1,False,False
578,0,734926,-1,False,False
578,0,734935,-1,False,False
578,0,734944,-1,False,False
578,0,734952,-1,False,False
578,0,734961,-1,False,False
578,0,734969,-1,False,False
578,0,734980,-1,False,False
578,0,734988,-1,False,False
578,0,734997,-1,False,False
578,0,735005,-1,False,False
578,0,735014,-1,False,False
578,0,735023,-1,False,False
578,0,735032,-1,False,False
578,0,735040,-1,False,False
578,0,735050,-1,False,False
578,0,735058,-1,False,False
578,0,735068,-1,False,False
578,0,735076,-1,False,False
578,0,735085,-1,False,False
578,0,735093,-1,False,False
578,0,735102,-1,False,False
578,0,735111,-1,False,False
578,0,735121,-1,False,False
578,0,735129,-1,False,False
578,0,735138,-1,False,False
578,0,735147,-1,False,False
578,0,735156,-1,False,False
578,0,735164,-1,False,False
578,0,735174,-1,False,False
578,0,735182,-1,False,False
578,0,735192,-1,False,False
578,0,735200,-1,False,False
578,0,735209,-1,False,False
578,0,735217,-1,False,False
578,0,735226,-1,False,False
578,0,735235,-1,False,False
578,0,735245,-1,False,False
578,0,735253,-1,False,False
578,0,735262,-1,False,False
578,0,735270,-1,False,False
578,0,735280,-1,False,False
578,0,735288,-1,False,False
578,0,735297,-1,False,False
578,0,735305,-1,False,False
578,0,735315,-1,False,False
578,0,735324,-1,False,False
578,0,735333,-1,False,False
578,0,735341,-1,False,False
578,0,735350,-1,False,False
578,0,735358,-1,False,False
578,0,735368,-1,False,False
578,0,735376,-1,False,False
578,0,735386,-1,False,False
578,0,735394,-1,False,False
578,0,735404,-1,False,False
578,0,735412,-1,False,False
578,0,735421,-1,False,False
578,0,735429,-1,False,False
578,0,735439,-1,False,False
578,0,735448,-1,False,False
578,1,737983,45,0,0
578,1,738077,46,0,0
578,1,738174,47,0,0
578,1,739861,48,1,1
578,1,739948,49,1,1
578,1,740059,50,1,1
578,1,740164,51,1,1
578,1,740274,52,1,1
578,1,740379,53,1,1
578,1,740489,54,1,1
578,1,740591,55,1,1
578,1,740689,56,1,1
578,1,740802,57,1,1
578,1,740909,58,1,1
580,0,740904,48,0,0
578,1,753128,59,1,1
578,1,753213,60,1,1
578,1,753543,61,1,1
578,1,753629,62,1,1
578,1,753715,63,1,1
578,1,753809,64,1,1
578,1,753895,65,1,1
578,1,753989,66,1,1
578,1,754079,67,1,1
578,1,754169,68,1,1
578,1,754267,69,1,1
578,1,754365,70,1,1
578,1,754466,71,1,1
578,1,754573,72,1,1
578,1,754670,73,1,1
578,1,754780,74,1,1
578,1,754886,75,1,1
578,1,754972,76,1,1
578,1,755078,77,1,1
578,1,755179,78,1,1
578,1,755281,79,1,1
580,1,755155,140,2,2
580,1,755343,141,2,2
580,1,755440,142,2,2
580,1,755542,143,2,2
580,1,755651,144,2,2
580,1,755757,145,2,2
580,1,755866,146,2,2
580,1,755975,147,2,2
581,1,754601,31,1,1
580,1,756084,148,2,2
580,1,756198,149,2,2
580,1,756306,150,2,2
580,1,756420,151,2,2
580,1,756530,152,2,2
580,1,756642,153,2,2
580,1,756752,154,2,2
580,1,756869,155,2,2
580,1,756982,156,2,2
580,1,757115,157,2,2
580,1,757239,158,2,2
580,1,757361,159,2,2
580,1,757478,160,2,2
580,1,757591,161,2,2
581,1,756262,32,2,2
580,1,757704,162,2,2
580,1,757821,163,2,2
580,1,757935,164,2,2
580,1,758055,165,2,2
580,1,758168,166,2,2
580,1,758289,167,2,2
580,1,758407,168,2,2
580,1,758528,169,2,2
580,1,758648,170,2,2
580,1,758777,171,2,2
580,1,758902,172,2,2
580,1,759035,173,2,2
580,1,759183,174,2,2
580,1,759320,175,2,2
580,1,759460,176,2,2
580,1,759585,177,2,2
580,1,759717,178,2,2
580,1,759855,179,2,2
580,1,759980,180,2,2
580,1,760143,181,2,2
580,1,760275,182,2,2
580,1,760404,183,2,2
580,1,760560,184,2,2
580,1,760701,185,2,2
580,1,760842,186,2,2
580,1,761014,187,2,2
580,1,761162,188,2,2
580,1,761294,189,2,2
580,1,761447,190,2,2
580,1,761607,191,2,2
580,1,761766,192,2,2
580,1,761908,193,2,2
580,1,762200,194,2,2
580,1,762344,195,2,2
580,1,762492,196,2,2
580,1,762664,197,2,2
580,1,762832,198,2,2
580,1,762976,199,2,2
580,1,763227,200,2,2
580,1,763359,201,2,2
580,1,763531,202,2,2
580,1,763667,203,2,2
580,1,763788,204,2,2
580,1,763932,205,2,2
580,1,764093,206,2,2
580,1,764225,207,2,2
580,1,764378,208,2,2
580,1,764537,209,2,2
579,0,768835,158,3,3
580,1,764678,210,2,2
579,0,768977,159,3,3
579,0,769071,160,3,3
579,0,769171,161,3,3
579,0,769267,162,3,3
580,1,764979,211,2,2
579,0,769372,163,3,3
580,1,765103,212,2,2
579,0,769476,164,3,3
580,1,765272,213,2,2
579,0,769569,165,3,3
580,1,765380,214,2,2
579,0,769685,166,3,3
579,0,769793,167,3,3
580,1,765517,215,2,2
579,0,769901,168,3,3
580,1,765645,216,2,2
579,0,770017,169,3,3
580,1,765817,217,2,2
579,0,770132,170,3,3
579,0,770244,171,3,3
581,0,764568,-1,False,True
581,0,764571,-1,False,True
580,1,765974,218,2,2
581,0,764580,-1,False,True
581,0,764589,-1,False,True
581,0,764598,-1,False,True
581,0,764606,-1,False,True
581,0,764615,-1,False,True
581,0,764623,-1,False,True
581,0,764633,-1,False,False
581,0,764641,-1,False,False
581,0,764651,-1,False,False
581,0,764659,-1,False,False
579,0,770356,172,3,3
581,0,764668,-1,False,False
581,0,764677,-1,False,False
581,0,764686,-1,False,False
581,0,764694,-1,False,False
581,0,764703,-1,False,False
581,0,764711,-1,False,False
581,0,764722,-1,False,False
581,0,764730,-1,False,False
581,0,764739,-1,False,False
581,0,764747,-1,False,False
581,0,764756,-1,False,False
581,0,764765,-1,False,False
581,0,764775,-1,False,False
581,0,764783,-1,False,False
579,0,770472,173,3,3
581,0,764792,-1,False,False
581,0,764801,-1,False,False
581,0,764810,-1,False,False
581,0,764818,-1,False,False
581,0,764827,-1,False,False
581,0,764835,-1,False,False
581,0,764846,-1,False,False
581,0,764854,-1,False,False
581,0,764863,-1,False,False
581,0,764871,-1,False,False
581,0,764880,-1,False,False
581,0,764889,-1,False,False
581,0,764898,-1,False,False
579,0,770591,174,3,3
581,0,764906,-1,False,False
581,0,764916,-1,False,False
581,0,764924,-1,False,False
581,0,764934,-1,False,False
581,0,764942,-1,False,False
581,0,764951,-1,False,False
581,0,764959,-1,False,False
581,0,764968,-1,False,False
581,0,764977,-1,False,False
581,0,764987,-1,False,False
581,0,764995,-1,False,False
581,0,765004,-1,False,False
579,0,770715,175,3,3
581,0,765012,-1,False,False
581,0,765022,-1,False,False
581,0,765030,-1,False,False
581,0,765040,-1,False,False
581,0,765048,-1,False,False
581,0,765058,-1,False,False
581,0,765066,-1,False,False
581,0,765075,-1,False,False
581,0,765083,-1,False,False
581,0,765092,-1,False,False
581,0,765101,-1,False,False
581,0,765111,-1,False,False
581,0,765119,-1,False,False
581,0,765128,-1,False,False
579,0,770831,176,3,3
581,0,765136,-1,False,False
581,0,765146,-1,False,False
581,0,765154,-1,False,False
581,0,765163,-1,False,False
579,0,770951,177,3,3
579,0,771075,178,3,3
579,0,771190,179,3,3
579,0,771310,180,3,3
579,0,771429,181,3,3
579,0,771553,182,3,3
579,0,771677,183,3,3
579,0,771804,184,3,3
579,0,771928,185,3,3
579,0,772055,186,3,3
579,0,772183,187,3,3
579,0,772305,188,3,3
579,0,772438,189,3,3
579,0,772560,190,3,3
579,0,772676,191,3,3
580,1,768429,219,2,2
579,0,772800,192,3,3
579,0,772928,193,3,3
579,0,773062,194,3,3
579,0,773186,195,3,3
579,0,773317,196,3,3
579,0,773430,197,3,3
579,0,773561,198,3,3
579,0,773689,199,3,3
579,0,773804,200,3,3
579,0,773916,201,3,3
579,0,774043,202,3,3
579,0,774171,203,3,3
579,0,774302,204,3,3
579,0,774426,205,3,3
579,0,774545,206,3,3
579,0,774673,207,3,3
579,0,774807,208,3,3
579,0,774942,209,3,3
579,0,775066,210,3,3
580,1,770847,220,2,2
579,0,775190,211,3,3
580,1,770968,221,2,2
579,0,775317,212,3,3
580,1,771082,222,2,2
579,0,775434,213,3,3
579,0,775568,214,3,3
579,0,775688,215,3,3
579,0,775812,216,3,3
579,0,775939,217,3,3
579,0,776067,218,3,3
579,0,776205,219,3,3
578,0,782089,-1,False,True
578,0,782093,-1,False,True
578,0,782102,-1,False,True
578,0,782110,-1,False,True
578,0,782119,-1,False,True
579,0,776340,220,3,3
578,0,782128,-1,False,True
578,0,782137,-1,False,True
578,0,782145,-1,False,True
578,0,782154,-1,False,False
578,0,782162,-1,False,False
578,0,782172,-1,False,False
578,0,782180,-1,False,False
578,0,782190,-1,False,False
578,0,782198,-1,False,False
578,0,782208,-1,False,False
578,0,782216,-1,False,False
578,0,782225,-1,False,False
578,0,782233,-1,False,False
579,0,776468,221,3,3
578,0,782242,-1,False,False
578,0,782251,-1,False,False
578,0,782261,-1,False,False
578,0,782269,-1,False,False
578,0,782278,-1,False,False
578,0,782286,-1,False,False
578,0,782296,-1,False,False
578,0,782304,-1,False,False
578,0,782314,-1,False,False
578,0,782322,-1,False,False
579,0,776592,222,3,3
578,0,782331,-1,False,False
578,0,782340,-1,False,False
578,0,782349,-1,False,False
578,0,782357,-1,False,False
578,0,782366,-1,False,False
578,0,782374,-1,False,False
578,0,782385,-1,False,False
578,0,782393,-1,False,False
578,0,782402,-1,False,False
578,0,782410,-1,False,False
578,0,782419,-1,False,False
578,0,782428,-1,False,False
579,0,776719,223,3,3
578,0,782437,-1,False,False
578,0,782445,-1,False,False
578,0,782455,-1,False,False
578,0,782464,-1,False,False
578,0,782473,-1,False,False
578,0,782481,-1,False,False
578,0,782490,-1,False,False
579,0,776843,224,3,3
579,0,776966,225,3,3
579,0,777105,226,3,3
579,0,777237,227,3,3
579,0,777371,228,3,3
580,1,773111,223,2,2
579,0,777510,229,3,3
580,1,773239,224,2,2
579,0,777630,230,3,3
580,1,773385,225,2,2
579,0,777765,231,3,3
580,1,773509,226,2,2
579,0,777901,232,3,3
580,1,773622,227,2,2
579,0,778028,233,3,3
580,1,773763,228,2,2
579,0,778156,234,3,3
580,1,773989,229,2,2
580,1,774106,230,2,2
580,1,774247,231,2,2
581,1,772897,33,2,2
580,1,774383,232,2,2
581,1,773147,34,2,2
580,1,774555,233,2,2
581,1,773240,35,2,2
581,1,773337,36,2,2
580,1,774715,234,2,2
580,1,774879,235,2,2
580,1,775159,236,2,2
580,1,775284,237,2,2
580,1,775487,238,2,2
580,1,775581,239,2,2
581,1,775026,37,3,3
581,1,775059,38,3,3
581,1,775176,39,3,3
581,1,775304,40,3,3
581,1,775413,41,3,3
581,1,775655,42,3,3
581,1,775772,43,3,3
581,1,775891,44,3,3
581,1,776005,45,3,3
581,1,776125,46,3,3
581,1,776250,47,3,3
581,1,776358,48,3,3
581,1,776475,49,3,3
581,1,776596,50,3,3
581,1,776725,51,3,3
581,1,776850,52,3,3
581,1,776975,53,3,3
581,1,777099,54,3,3
581,1,777228,55,3,3
581,1,777357,56,3,3
581,1,777482,57,3,3
581,1,777603,58,3,3
581,1,777732,59,3,3
581,1,777860,60,3,3
581,1,777993,61,3,3
581,1,778118,62,3,3
581,1,778246,63,3,3
581,1,778379,64,3,3
581,1,778508,65,3,3
581,1,778641,66,3,3
581,1,778946,67,3,3
581,1,779083,68,3,3
581,1,779224,69,3,3
581,1,779566,70,3,3
581,1,780033,71,3,3
581,1,780097,72,3,3
581,1,780251,73,3,3
581,1,780347,74,3,3
581,1,780460,75,3,3
581,1,780576,76,3,3
581,1,780693,77,3,3
581,1,780821,78,3,3
581,1,780962,79,3,3
581,1,781204,80,3,3
581,1,781325,81,3,3
581,1,781446,82,3,3
581,1,781571,83,3,3
581,1,781696,84,3,3
578,1,794476,80,1,1
578,1,794598,81,1,1
578,1,794712,82,1,1
578,1,794795,83,1,1
578,1,796492,84,2,2
580,0,787614,49,0,0
580,0,787735,50,0,0
580,0,787911,51,0,0
580,0,788051,52,0,0
580,0,788196,53,0,0
580,0,788305,54,0,0
580,0,788446,55,0,0
580,0,788578,56,0,0
580,0,788715,57,0,0
580,0,788847,58,0,0
580,0,788976,59,0,0
580,0,789097,60,0,0
580,0,789237,61,0,0
580,0,789370,62,0,0
580,0,789502,63,0,0
580,0,789632,64,0,0
580,0,789764,65,0,0
580,0,789916,66,0,0
580,0,790045,67,0,0
578,0,806245,24,1,1
578,0,806343,25,1,1
578,0,806465,26,1,1
579,1,803657,24,0,0
581,1,798129,85,3,3
579,1,803770,25,0,0
581,1,798205,86,3,3
581,1,798285,87,3,3
579,1,803955,26,0,0
581,1,798370,88,3,3
581,1,798462,89,3,3
581,1,798568,90,3,3
581,1,798668,91,3,3
581,1,798769,92,3,3
581,1,798877,93,3,3
581,1,798982,94,3,3
581,1,799094,95,3,3
581,1,799211,96,3,3
581,1,799320,97,3,3
581,1,799444,98,3,3
581,1,799574,99,3,3
581,1,799698,100,3,3
581,1,799826,101,3,3
581,1,799988,102,3,3
578,1,830106,85,2,2
578,1,830329,86,2,2
578,1,830501,87,2,2
578,1,830690,88,2,2
578,1,830874,89,2,2
578,1,831078,90,2,2
578,1,831379,91,2,2
578,1,831587,92,2,2
578,1,831689,93,2,2
578,1,831787,94,2,2
578,1,831900,95,2,2
578,1,832007,96,2,2
578,1,832116,97,2,2
578,1,832226,98,2,2
578,1,832344,99,2,2
578,1,832453,100,2,2
578,1,832563,101,2,2
578,1,832672,102,2,2
578,1,832786,103,2,2
578,1,832896,104,2,2
578,1,833016,105,2,2
578,1,833126,106,2,2
578,1,833232,107,2,2
578,1,833342,108,2,2
578,1,833456,109,2,2
578,1,833565,110,2,2
578,1,833691,111,2,2
578,1,833805,112,2,2
578,1,833910,113,2,2
578,1,834024,114,2,2
578,1,834137,115,2,2
578,1,834254,116,2,2
578,1,834368,117,2,2
578,1,834482,118,2,2
578,1,834595,119,2,2
578,1,834709,120,2,2
578,1,834823,121,2,2
578,1,834932,122,2,2
578,1,835050,123,2,2
578,1,835151,124,2,2
581,1,826275,103,3,3
581,1,826363,104,3,3
581,1,826461,105,3,3
581,1,826561,106,3,3
581,1,826657,107,3,3
581,1,826767,108,3,3
581,1,826883,109,3,3
581,1,826999,110,3,3
581,1,827120,111,3,3
581,1,827229,112,3,3
581,1,828750,113,3,3
581,1,828867,114,3,3
581,1,828999,115,3,3
581,1,841144,116,3,3
581,1,841469,117,3,3
581,1,841619,118,3,3
581,1,841703,119,3,3
581,1,841824,120,3,3
581,1,841912,121,3,3
581,1,847147,122,3,3
581,1,847284,123,3,3
581,1,847392,124,3,3
581,1,848200,125,3,3
581,1,848346,126,3,3
579,0,867555,235,3,3
579,0,867698,236,3,3
579,0,867841,237,3,3
579,0,867956,238,3,3
579,0,868061,239,3,3
579,0,868168,240,3,3
579,0,868273,241,3,3
579,0,868369,242,3,3
579,0,868470,243,3,3
579,0,868589,244,3,3
579,0,868717,245,3,3
579,0,868837,246,3,3
579,0,868957,247,3,3
579,0,869075,248,3,3
579,0,869195,249,3,3
579,0,869311,250,3,3
579,0,869427,251,3,3
579,0,869551,252,3,3
579,0,869666,253,3,3
579,0,869790,254,3,3
579,0,869917,255,3,3
579,0,870045,256,3,3
579,0,870180,257,3,3
579,0,870311,258,3,3
580,0,866131,-1,False,True
580,0,866136,-1,False,True
580,0,866145,-1,False,True
580,0,866153,-1,False,True
580,0,866162,-1,False,True
580,0,866170,-1,False,True
579,0,870450,259,3,3
580,0,866180,-1,False,True
580,0,866188,-1,False,True
580,0,866197,-1,False,False
580,0,866205,-1,False,False
580,0,866215,-1,False,False
580,0,866224,-1,False,False
580,0,866233,-1,False,False
580,0,866241,-1,False,False
580,0,866250,-1,False,False
580,0,866258,-1,False,False
580,0,866268,-1,False,False
580,0,866276,-1,False,False
580,0,866286,-1,False,False
580,0,866294,-1,False,False
579,0,870585,260,3,3
580,0,866304,-1,False,False
580,0,866312,-1,False,False
580,0,866321,-1,False,False
580,0,866329,-1,False,False
580,0,866338,-1,False,False
580,0,866347,-1,False,False
580,0,866357,-1,False,False
580,0,866365,-1,False,False
580,0,866374,-1,False,False
580,0,866382,-1,False,False
580,0,866392,-1,False,False
580,0,866400,-1,False,False
580,0,866409,-1,False,False
580,0,866417,-1,False,False
579,0,870717,261,3,3
580,0,866427,-1,False,False
580,0,866436,-1,False,False
580,0,866445,-1,False,False
580,0,866453,-1,False,False
580,0,866462,-1,False,False
580,0,866470,-1,False,False
580,0,866481,-1,False,False
580,0,866489,-1,False,False
580,0,866498,-1,False,False
580,0,866506,-1,False,False
580,0,866515,-1,False,False
580,0,866524,-1,False,False
580,0,866533,-1,False,False
579,0,870852,262,3,3
580,0,866541,-1,False,False
580,0,866551,-1,False,False
580,0,866560,-1,False,False
580,0,866569,-1,False,False
580,0,866577,-1,False,False
580,0,866586,-1,False,False
580,0,866594,-1,False,False
580,0,866604,-1,False,False
580,0,866612,-1,False,False
580,0,866622,-1,False,False
580,0,866630,-1,False,False
580,0,866639,-1,False,False
580,0,866648,-1,False,False
580,0,866657,-1,False,False
580,0,866665,-1,False,False
580,0,866674,-1,False,False
580,0,866682,-1,False,False
580,0,866693,-1,False,False
580,0,866701,-1,False,False
580,0,866710,-1,False,False
580,0,866718,-1,False,False
580,0,866727,-1,False,False
580,0,866736,-1,False,False
580,0,866746,-1,False,False
580,0,866754,-1,False,False
580,0,866763,-1,False,False
580,0,866771,-1,False,False
580,0,866781,-1,False,False
580,0,866789,-1,False,False
580,0,866798,-1,False,False
580,0,866806,-1,False,False
580,0,866817,-1,False,False
580,0,866825,-1,False,False
580,1,869810,240,2,2
580,1,869911,241,2,2
580,1,870021,242,2,2
580,1,870118,243,2,2
580,1,871824,244,3,3
580,1,871920,245,3,3
580,1,872041,246,3,3
580,1,872158,247,3,3
580,1,872271,248,3,3
580,1,872388,249,3,3
580,1,872513,250,3,3
580,1,872638,251,3,3
580,1,872759,252,3,3
580,1,872880,253,3,3
580,1,873009,254,3,3
580,1,873142,255,3,3
580,1,873263,256,3,3
580,1,873387,257,3,3
580,1,873508,258,3,3
580,1,873629,259,3,3
580,1,873746,260,3,3
580,1,873867,261,3,3
580,1,873988,262,3,3
580,1,874108,263,3,3
580,1,874230,264,3,3
580,1,874354,265,3,3
580,1,874479,266,3,3
580,1,874597,267,3,3
580,1,874722,268,3,3
580,1,874847,269,3,3
580,1,874968,270,3,3
580,1,875092,271,3,3
580,1,875205,272,3,3
580,1,875326,273,3,3
580,1,875451,274,3,3
580,1,875568,275,3,3
580,1,875685,276,3,3
580,1,875806,277,3,3
580,1,875927,278,3,3
580,1,876052,279,3,3
580,1,876169,280,3,3
580,1,876285,281,3,3
580,1,876407,282,3,3
580,1,876535,283,3,3
580,1,876652,284,3,3
580,1,876774,285,3,3
580,1,876895,286,3,3
580,1,877020,287,3,3
580,1,877152,288,3,3
580,1,877273,289,3,3
580,1,877406,290,3,3
580,1,877527,291,3,3
580,1,877656,292,3,3
580,1,877792,293,3,3
580,1,877913,294,3,3
580,1,878042,295,3,3
580,1,878166,296,3,3
580,1,878299,297,3,3
581,1,877131,127,3,3
580,1,878428,298,3,3
581,1,877229,128,3,3
580,1,878553,299,3,3
581,1,877333,129,3,3
581,1,877425,130,3,3
580,1,878682,300,3,3
581,1,877530,131,3,3
580,1,878810,301,3,3
581,1,877639,132,3,3
580,1,878936,302,3,3
581,1,877748,133,3,3
580,1,879064,303,3,3
581,1,877888,134,3,3
580,1,879192,304,3,3
580,1,879318,305,3,3
581,1,878161,135,3,3
580,1,879458,306,3,3
581,1,878274,136,3,3
580,1,879587,307,3,3
581,1,878383,137,3,3
580,1,879730,308,3,3
580,1,879895,309,3,3
580,1,880051,310,3,3
580,1,880184,311,3,3
580,1,880331,312,3,3
580,1,880468,313,3,3
580,1,880609,314,3,3
580,1,880748,315,3,3
580,1,881038,316,3,3
580,1,881166,317,3,3
580,1,881314,318,3,3
580,1,881439,319,3,3
580,1,881560,320,3,3
580,1,881685,321,3,3
580,1,881833,322,3,3
580,1,881967,323,3,3
580,1,882106,324,3,3
580,1,882250,325,3,3
580,1,882399,326,3,3
580,1,882554,327,3,3
580,1,882696,328,3,3
580,1,882828,329,3,3
580,1,882950,330,3,3
580,1,883082,331,3,3
580,1,883226,332,3,3
580,1,883362,333,3,3
580,1,883503,334,3,3
580,1,883640,335,3,3
580,1,883768,336,3,3
580,1,883924,337,3,3
580,1,884052,338,3,3
580,1,884186,339,3,3
580,1,884330,340,3,3
580,1,884474,341,3,3
580,1,884654,342,3,3
580,1,884810,343,3,3
580,1,884935,344,3,3
580,1,885091,345,3,3
580,1,885246,346,3,3
580,1,885403,347,3,3
580,1,885559,348,3,3
580,1,885692,349,3,3
580,1,885848,350,3,3
580,1,885985,351,3,3
581,0,884869,-1,False,True
581,0,884872,-1,False,True
581,0,884881,-1,False,True
581,0,884889,-1,False,True
580,1,886136,352,3,3
581,0,884898,-1,False,True
581,0,884907,-1,False,True
581,0,884916,-1,False,True
581,0,884924,-1,False,True
581,0,884933,-1,False,False
581,0,884941,-1,False,False
581,0,884952,-1,False,False
581,0,884960,-1,False,False
581,0,884969,-1,False,False
581,0,884977,-1,False,False
581,0,884986,-1,False,False
581,0,885026,-1,False,False
581,0,885029,-1,False,False
581,0,885039,-1,False,False
580,1,886281,353,3,3
581,0,885047,-1,False,False
581,0,885057,-1,False,False
581,0,885065,-1,False,False
581,0,885074,-1,False,False
581,0,885083,-1,False,False
581,0,885092,-1,False,False
581,0,885100,-1,False,False
581,0,885110,-1,False,False
581,0,885117,-1,False,False
581,0,885128,-1,False,False
581,0,885136,-1,False,False
581,0,885145,-1,False,False
581,0,885153,-1,False,False
581,0,885163,-1,False,False
581,0,885171,-1,False,False
581,0,885181,-1,False,False
581,0,885189,-1,False,False
581,0,885198,-1,False,False
580,1,886445,354,3,3
581,0,885207,-1,False,False
581,0,885216,-1,False,False
581,0,885224,-1,False,False
581,0,885233,-1,False,False
581,0,885241,-1,False,False
581,0,885252,-1,False,False
581,0,885260,-1,False,False
581,0,885269,-1,False,False
581,0,885277,-1,False,False
581,0,885286,-1,False,False
581,0,885295,-1,False,False
581,0,885304,-1,False,False
581,0,885312,-1,False,False
581,0,885322,-1,False,False
581,0,885330,-1,False,False
580,1,886612,355,3,3
580,1,886756,356,3,3
580,1,886901,357,3,3
580,1,887049,358,3,3
580,1,887190,359,3,3
580,1,887322,360,3,3
580,1,887459,361,3,3
580,1,887607,362,3,3
580,1,887775,363,3,3
580,1,887904,364,3,3
580,1,888048,365,3,3
580,1,888216,366,3,3
580,1,888376,367,3,3
580,1,888544,368,3,3
580,1,888719,369,3,3
580,1,888856,370,3,3
580,1,889164,371,3,3
580,1,889296,372,3,3
580,1,889457,373,3,3
579,0,893888,-1,True,False
579,0,893891,-1,True,False
579,0,893900,-1,True,False
579,0,893908,-1,True,False
579,0,893918,-1,True,False
579,0,893926,-1,True,False
579,0,893936,-1,True,False
579,0,893943,-1,True,False
579,0,893954,-1,True,False
579,0,893962,-1,False,False
579,0,893971,-1,False,False
579,0,893979,-1,False,False
579,0,893988,-1,False,False
579,0,893997,-1,False,False
580,1,889768,374,3,3
579,0,894006,-1,False,False
579,0,894014,-1,False,False
579,0,894024,-1,False,False
579,0,894032,-1,False,False
579,0,894042,-1,False,False
579,0,894050,-1,False,False
579,0,894059,-1,False,False
579,0,894067,-1,False,False
579,0,894076,-1,False,False
579,0,894085,-1,False,False
579,0,894095,-1,False,False
579,0,894103,-1,False,False
579,0,894112,-1,False,False
580,1,889893,375,3,3
579,0,894120,-1,False,False
579,0,894148,-1,False,False
579,0,894151,-1,False,False
579,0,894161,-1,False,False
579,0,894170,-1,False,False
579,0,894179,-1,False,False
579,0,894187,-1,False,False
579,0,894196,-1,False,False
579,0,894204,-1,False,False
579,0,894215,-1,False,False
579,0,894222,-1,False,False
579,0,894232,-1,False,False
579,0,894240,-1,False,False
579,0,894249,-1,False,False
580,1,890042,376,3,3
579,0,894258,-1,False,False
579,0,894267,-1,False,False
579,0,894275,-1,False,False
579,0,894285,-1,False,False
579,0,894294,-1,False,False
579,0,894303,-1,False,False
579,0,894311,-1,False,False
579,0,894320,-1,False,False
579,0,894328,-1,False,False
579,0,894338,-1,False,False
579,0,894346,-1,False,False
579,0,894356,-1,False,False
579,0,894364,-1,False,False
580,1,890178,377,3,3
579,0,894373,-1,False,False
579,0,894382,-1,False,False
579,0,894391,-1,False,False
579,0,894399,-1,False,False
579,0,894408,-1,False,False
579,0,894416,-1,False,False
579,0,894427,-1,False,False
579,0,894435,-1,False,False
579,0,894444,-1,False,False
579,0,894452,-1,False,False
579,0,894461,-1,False,False
579,0,894470,-1,False,False
579,0,894479,-1,False,False
580,1,890307,378,3,3
579,0,894487,-1,False,False
579,0,894497,-1,False,False
579,0,894505,-1,False,False
579,0,894515,-1,False,False
579,0,894523,-1,False,False
579,0,894532,-1,False,False
579,0,894540,-1,False,False
579,0,894551,-1,False,False
579,0,894559,-1,False,False
579,0,894568,-1,False,False
579,0,894576,-1,False,False
579,0,894585,-1,False,False
579,0,894594,-1,False,False
579,0,894603,-1,False,False
579,0,894611,-1,False,False
580,1,890459,379,3,3
579,0,894621,-1,False,False
579,0,894629,-1,False,False
579,0,894639,-1,False,False
579,0,894647,-1,False,False
579,0,894656,-1,False,False
579,0,894664,-1,False,False
579,0,894673,-1,False,False
579,0,894682,-1,False,False
579,0,894692,-1,False,False
579,0,894700,-1,False,False
579,0,894709,-1,False,False
579,0,894717,-1,False,False
579,0,894727,-1,False,False
579,0,894735,-1,False,False
579,0,894744,-1,False,False
580,1,890611,380,3,3
579,0,894752,-1,False,False
579,0,894763,-1,False,False
579,0,894771,-1,False,False
579,0,894780,-1,False,False
579,0,894788,-1,False,False
579,0,894797,-1,False,False
579,0,894806,-1,False,False
579,0,894816,-1,False,False
579,0,894824,-1,False,False
579,0,894833,-1,False,False
579,0,894841,-1,False,False
579,0,894851,-1,False,False
579,0,894859,-1,False,False
579,0,894868,-1,False,False
580,1,890756,381,3,3
579,0,894876,-1,False,False
579,0,894886,-1,False,False
579,0,894895,-1,False,False
579,0,894904,-1,False,False
579,0,894912,-1,False,False
579,0,894921,-1,False,False
579,0,894929,-1,False,False
579,0,894939,-1,False,False
579,0,894947,-1,False,False
579,0,894957,-1,False,False
579,0,894965,-1,False,False
579,0,894974,-1,False,False
579,0,894983,-1,False,False
579,0,894992,-1,False,False
579,0,895000,-1,False,False
580,1,890908,382,3,3
579,0,895009,-1,False,False
579,0,895017,-1,False,False
579,0,895028,-1,False,False
579,0,895036,-1,False,False
579,0,895045,-1,False,False
579,0,895053,-1,False,False
579,0,895063,-1,False,False
579,0,895071,-1,False,False
579,0,895081,-1,False,False
579,0,895089,-1,False,False
579,0,895098,-1,False,False
579,0,895107,-1,False,False
579,0,895116,-1,False,False
579,0,895124,-1,False,False
579,0,895133,-1,False,False
580,1,891061,383,3,3
579,0,895141,-1,False,False
579,0,895152,-1,False,False
579,0,895160,-1,False,False
579,0,895169,-1,False,False
579,0,895177,-1,False,False
579,0,895186,-1,False,False
579,0,895195,-1,False,False
579,0,895204,-1,False,False
579,0,895212,-1,False,False
579,0,895222,-1,False,False
579,0,895230,-1,False,False
579,0,895240,-1,False,False
579,0,895248,-1,False,False
580,1,891197,384,3,3
579,0,895257,-1,False,False
579,0,895265,-1,False,False
579,0,895275,-1,False,False
579,0,895283,-1,False,False
579,0,895293,-1,False,False
579,0,895301,-1,False,False
579,0,895310,-1,False,False
579,0,895319,-1,False,False
579,0,895328,-1,False,False
579,0,895336,-1,False,False
579,0,895346,-1,False,False
579,0,895353,-1,False,False
579,0,895364,-1,False,False
580,1,891348,385,3,3
579,0,895372,-1,False,False
579,0,895381,-1,False,False
579,0,895389,-1,False,False
579,0,895398,-1,False,False
579,0,895407,-1,False,False
579,0,895417,-1,False,False
579,0,895425,-1,False,False
579,0,895434,-1,False,False
579,0,895442,-1,False,False
579,0,895452,-1,False,False
579,0,895460,-1,False,False
579,0,895469,-1,False,False
579,0,895477,-1,False,False
579,0,895488,-1,False,False
579,0,895496,-1,False,False
579,0,895505,-1,False,False
579,0,895513,-1,False,False
579,0,895522,-1,False,False
579,0,895531,-1,False,False
579,0,895540,-1,False,False
579,0,895548,-1,False,False
579,0,895558,-1,False,False
579,0,895566,-1,False,False
579,0,895576,-1,False,False
579,0,895584,-1,False,False
579,0,895593,-1,False,False
579,0,895601,-1,False,False
579,0,895610,-1,False,False
579,0,895619,-1,False,False
579,0,895629,-1,False,False
579,0,895637,-1,False,False
579,0,895646,-1,False,False
579,0,895654,-1,False,False
579,0,895664,-1,False,False
579,0,895672,-1,False,False
579,0,895682,-1,False,False
579,0,895690,-1,False,False
579,0,895699,-1,False,False
579,0,895708,-1,False,False
579,0,895717,-1,False,False
579,0,895725,-1,False,False
579,0,895734,-1,False,False
579,0,895742,-1,False,False
579,0,895753,-1,False,False
579,0,895761,-1,False,False
579,0,895770,-1,False,False
579,0,895778,-1,False,False
579,0,895788,-1,False,False
579,0,895796,-1,False,False
579,0,895805,-1,False,False
579,0,895813,-1,False,False
579,0,895823,-1,False,False
579,0,895832,-1,False,False
579,0,895841,-1,False,False
579,0,895849,-1,False,False
579,0,895858,-1,False,False
579,0,895866,-1,False,False
579,0,895876,-1,False,False
579,0,895884,-1,False,False
579,0,895894,-1,False,False
579,0,896402,-1,False,False
579,0,896406,-1,False,False
579,0,896415,-1,False,False
579,0,896423,-1,False,False
579,0,896433,-1,False,False
579,0,896441,-1,False,False
579,0,896450,-1,False,False
579,0,896458,-1,False,False
579,0,896468,-1,False,False
579,0,896477,-1,False,False
579,0,896486,-1,False,False
579,0,896494,-1,False,False
579,0,896503,-1,False,False
579,0,896512,-1,False,False
579,0,896521,-1,False,False
579,0,896529,-1,False,False
579,0,896539,-1,False,False
579,0,896547,-1,False,False
579,0,896557,-1,False,False
579,0,896565,-1,False,False
579,0,896574,-1,False,False
579,0,896582,-1,False,False
579,0,896591,-1,False,False
579,0,896600,-1,False,False
579,0,896610,-1,False,False
579,0,896618,-1,False,False
579,0,896627,-1,False,False
579,0,896635,-1,False,False
579,0,896645,-1,False,False
579,0,896653,-1,False,False
579,0,896663,-1,False,False
579,0,896670,-1,False,False
579,0,896680,-1,False,False
579,0,896689,-1,False,False
579,0,896698,-1,False,False
579,0,896706,-1,False,False
579,0,896715,-1,False,False
581,1,896963,138,3,3
581,1,897063,139,3,3
581,1,897152,140,3,3
581,1,897268,141,3,3
580,1,906660,386,3,3
580,1,909707,387,3,3
580,1,909797,388,3,3
580,1,909905,389,3,3
580,1,910034,390,3,3
578,0,920525,27,1,1
580,1,910151,391,3,3
578,0,920631,28,1,1
580,1,910265,392,3,3
578,0,920732,29,1,1
580,1,910379,393,3,3
578,0,920826,30,1,1
580,1,910541,394,3,3
578,0,920940,31,1,1
580,1,910663,395,3,3
580,1,910795,396,3,3
578,0,921237,32,1,1
580,1,910931,397,3,3
578,0,921374,33,1,1
580,1,911092,398,3,3
578,0,921496,34,1,1
578,0,921593,35,1,1
580,1,911264,399,3,3
578,0,921707,36,1,1
580,1,911412,400,3,3
578,0,921817,37,1,1
578,0,921919,38,1,1
580,1,911537,401,3,3
578,0,922040,39,1,1
580,1,911677,402,3,3
578,0,922149,40,1,1
580,1,911817,403,3,3
578,0,922260,41,1,1
578,0,922365,42,1,1
580,1,912009,404,3,3
578,0,922475,43,1,1
580,1,912149,405,3,3
578,0,922593,44,1,1
580,1,912313,406,3,3
578,0,922722,45,1,1
578,0,922839,46,1,1
580,1,912457,407,3,3
578,0,922956,47,1,1
580,1,912598,408,3,3
578,0,923070,48,1,1
578,0,923188,49,1,1
580,1,912886,409,3,3
578,0,923304,50,1,1
578,0,923426,51,1,1
580,1,913039,410,3,3
578,0,923556,52,1,1
580,1,913218,411,3,3
578,0,923673,53,1,1
580,1,913347,412,3,3
578,0,923783,54,1,1
578,0,923896,55,1,1
580,1,913515,413,3,3
579,0,917787,263,3,3
578,0,924010,56,1,1
579,0,917911,264,3,3
580,1,913682,414,3,3
578,0,924124,57,1,1
579,0,918019,265,3,3
580,1,913830,415,3,3
578,0,924240,58,1,1
579,0,918138,266,3,3
578,0,924362,59,1,1
578,0,924484,60,1,1
580,1,914119,416,3,3
578,0,924625,61,1,1
580,1,914268,417,3,3
578,0,924746,62,1,1
580,1,914404,418,3,3
578,0,924875,63,1,1
578,0,924993,64,1,1
578,0,925126,65,1,1
578,0,925271,66,1,1
578,0,925405,67,1,1
579,0,919847,267,4,4
579,0,919914,268,4,4
579,0,920031,269,4,4
579,0,920134,270,4,4
579,0,920273,271,4,4
579,0,920389,272,4,4
579,0,920520,273,4,4
579,0,920644,274,4,4
579,0,920760,275,4,4
579,0,920888,276,4,4
579,0,921015,277,4,4
579,0,921135,278,4,4
579,0,921254,279,4,4
579,0,921381,280,4,4
579,0,921517,281,4,4
579,0,921656,282,4,4
579,0,921780,283,4,4
579,0,921907,284,4,4
579,0,922030,285,4,4
579,0,922158,286,4,4
579,0,922382,287,4,4
579,0,922424,288,4,4
579,0,922559,289,4,4
579,0,922694,290,4,4
579,0,922818,291,4,4
579,0,922949,292,4,4
579,0,923084,293,4,4
579,0,923215,294,4,4
579,0,923486,295,4,4
579,0,923613,296,4,4
579,0,923745,297,4,4
579,0,923876,298,4,4
579,0,924007,299,4,4
579,0,924145,300,4,4
579,0,924277,301,4,4
579,0,924408,302,4,4
579,0,924539,303,4,4
579,0,924670,304,4,4
579,0,924821,305,4,4
579,0,924956,306,4,4
579,0,925069,307,4,4
579,0,925211,308,4,4
579,0,925335,309,4,4
580,0,922588,68,0,0
580,0,922717,69,0,0
580,0,922842,70,0,0
580,0,922975,71,0,0
580,1,924581,419,3,3
580,1,924702,420,3,3
578,0,940787,-1,False,True
578,0,940791,-1,False,True
578,0,940801,-1,False,True
578,0,940809,-1,False,True
578,0,940818,-1,False,True
578,0,940826,-1,False,True
578,0,940835,-1,False,True
578,0,940844,-1,False,True
578,0,940853,-1,False,False
578,0,940861,-1,False,False
578,0,940871,-1,False,False
578,0,940879,-1,False,False
578,0,940889,-1,False,False
578,0,940897,-1,False,False
578,0,940906,-1,False,False
578,0,940914,-1,False,False
578,0,940923,-1,False,False
578,0,940932,-1,False,False
578,0,940942,-1,False,False
578,0,940950,-1,False,False
578,0,940959,-1,False,False
578,0,940967,-1,False,False
578,0,940977,-1,False,False
578,0,940985,-1,False,False
578,0,940994,-1,False,False
578,0,941002,-1,False,False
578,0,941012,-1,False,False
578,0,941021,-1,False,False
578,0,941030,-1,False,False
578,0,941038,-1,False,False
578,0,941047,-1,False,False
578,0,941056,-1,False,False
578,0,941065,-1,False,False
578,0,941073,-1,False,False
578,0,941083,-1,False,False
578,0,941091,-1,False,False
578,0,941101,-1,False,False
578,0,941109,-1,False,False
578,0,941118,-1,False,False
578,0,941126,-1,False,False
578,0,941136,-1,False,False
578,0,941145,-1,False,False
578,0,941154,-1,False,False
578,0,941162,-1,False,False
578,0,941171,-1,False,False
578,0,941179,-1,False,False
578,0,941189,-1,False,False
578,0,941197,-1,False,False
578,0,941207,-1,False,False
578,0,941215,-1,False,False
578,0,941224,-1,False,False
578,0,941233,-1,False,False
578,0,941242,-1,False,False
578,0,941250,-1,False,False
580,1,937048,421,3,3
580,1,937156,422,3,3
580,1,937254,423,3,3
580,1,937382,424,3,3
580,1,937480,425,3,3
580,1,937586,426,3,3
580,1,937706,427,3,3
580,1,937820,428,3,3
580,1,937948,429,3,3
580,1,938085,430,3,3
580,1,938229,431,3,3
580,1,938350,432,3,3
580,1,938650,433,3,3
580,1,938799,434,3,3
580,1,938928,435,3,3
580,1,939075,436,3,3
580,1,939212,437,3,3
580,1,939504,438,3,3
580,1,939637,439,3,3
580,1,939773,440,3,3
578,1,953504,125,2,2
578,1,953629,126,2,2
578,1,953732,127,2,2
578,1,953837,128,2,2
579,0,947683,-1,True,False
579,0,947687,-1,True,False
579,0,947696,-1,True,False
579,0,947704,-1,True,False
579,0,947714,-1,True,False
579,0,947722,-1,True,False
579,0,947731,-1,True,False
579,0,947739,-1,True,False
579,0,947748,-1,True,False
579,0,947757,-1,False,False
579,0,948068,-1,False,False
579,0,948071,-1,False,False
579,0,948080,-1,False,False
579,0,948088,-1,False,False
579,0,948099,-1,False,False
579,0,948107,-1,False,False
579,0,948116,-1,False,False
579,0,948124,-1,False,False
579,0,948133,-1,False,False
579,0,948142,-1,False,False
579,0,948152,-1,False,False
579,0,948160,-1,False,False
579,0,948169,-1,False,False
579,0,948177,-1,False,False
579,0,948187,-1,False,False
579,0,948195,-1,False,False
579,0,948204,-1,False,False
579,0,948212,-1,False,False
579,0,948222,-1,False,False
579,0,948231,-1,False,False
579,0,948240,-1,False,False
579,0,948248,-1,False,False
579,0,948257,-1,False,False
579,0,948265,-1,False,False
579,0,948275,-1,False,False
579,0,948283,-1,False,False
579,0,948293,-1,False,False
579,0,948301,-1,False,False
579,0,948311,-1,False,False
579,0,948319,-1,False,False
579,0,948328,-1,False,False
579,0,948336,-1,False,False
578,1,955539,129,3,3
580,1,945554,441,3,3
580,1,945655,442,3,3
580,1,945788,443,3,3
580,1,945929,444,3,3
580,1,946038,445,3,3
580,1,946182,446,3,3
580,1,946299,447,3,3
580,1,946440,448,3,3
580,1,946572,449,3,3
578,0,969158,-1,False,True
578,0,969162,-1,False,True
578,0,969171,-1,False,True
578,0,969180,-1,False,True
578,0,969189,-1,False,True
578,0,969197,-1,False,True
578,0,969206,-1,False,True
578,0,969214,-1,False,True
578,0,969224,-1,False,False
578,0,969232,-1,False,False
578,0,969241,-1,False,False
578,0,969249,-1,False,False
578,0,969260,-1,False,False
578,0,969268,-1,False,False
578,0,969277,-1,False,False
578,0,969285,-1,False,False
578,0,969294,-1,False,False
578,0,969303,-1,False,False
578,0,969312,-1,False,False
578,0,969320,-1,False,False
578,0,969330,-1,False,False
578,0,969338,-1,False,False
578,0,969348,-1,False,False
578,0,969356,-1,False,False
578,0,969365,-1,False,False
578,0,969373,-1,False,False
578,0,969383,-1,False,False
578,0,969392,-1,False,False
578,0,969401,-1,False,False
578,0,969409,-1,False,False
578,0,969418,-1,False,False
578,0,969426,-1,False,False
578,0,969436,-1,False,False
578,0,969444,-1,False,False
578,0,969454,-1,False,False
578,0,969462,-1,False,False
578,0,969472,-1,False,False
578,0,969480,-1,False,False
578,0,969489,-1,False,False
578,0,969497,-1,False,False
578,0,969506,-1,False,False
578,0,969515,-1,False,False
578,0,969525,-1,False,False
578,0,969533,-1,False,False
578,0,969542,-1,False,False
578,0,969550,-1,False,False
578,0,969560,-1,False,False
578,0,969568,-1,False,False
578,1,984383,130,3,3
578,1,984556,131,3,3
578,1,984818,132,3,3
578,1,985198,133,3,3
578,1,986990,134,4,4
578,1,987054,135,4,4
578,1,987417,136,4,4
578,1,987653,137,4,4
578,1,988001,138,4,4
578,1,988236,139,4,4
578,1,988593,140,4,4
578,1,988847,141,4,4
578,1,989070,142,4,4
578,1,989300,143,4,4
578,1,989552,144,4,4
578,1,989794,145,4,4
578,1,989912,146,4,4
578,1,990150,147,4,4
578,1,990393,148,4,4
578,1,990507,149,4,4
578,1,990745,150,4,4
578,1,990863,151,4,4
578,1,990984,152,4,4
578,1,991101,153,4,4
578,1,991222,154,4,4
578,1,991352,155,4,4
578,1,991469,156,4,4
578,1,991591,157,4,4
578,1,991712,158,4,4
578,1,991834,159,4,4
578,1,991959,160,4,4
578,1,992079,161,4,4
578,1,992212,162,4,4
578,1,992330,163,4,4
578,1,992452,164,4,4
578,1,992562,165,4,4
578,1,992675,166,4,4
578,1,992796,167,4,4
578,1,992906,168,4,4
578,1,993024,169,4,4
578,1,993145,170,4,4
578,1,993274,171,4,4
578,1,993399,172,4,4
578,1,993517,173,4,4
578,1,993634,174,4,4
578,1,993768,175,4,4
578,1,993882,176,4,4
578,1,993994,177,4,4
578,1,994112,178,4,4
578,1,994226,179,4,4
578,1,994342,180,4,4
578,1,994449,181,4,4
578,1,994578,182,4,4
578,1,994696,183,4,4
578,1,994821,184,4,4
578,1,994947,185,4,4
578,1,995059,186,4,4
578,1,995188,187,4,4
578,1,995314,188,4,4
578,1,995443,189,4,4
578,1,995576,190,4,4
580,1,985359,450,3,3
580,1,985449,451,3,3
580,1,985550,452,3,3
580,1,985671,453,3,3
580,1,985780,454,3,3
580,1,985881,455,3,3
580,1,985987,456,3,3
580,1,986107,457,3,3
580,1,986224,458,3,3
580,1,986345,459,3,3
580,1,986459,460,3,3
580,1,986592,461,3,3
580,1,986724,462,3,3
580,1,986856,463,3,3
580,1,986985,464,3,3
580,1,987106,465,3,3
580,1,987274,466,3,3
580,1,987425,467,3,3
580,1,987558,468,3,3
580,1,987734,469,3,3
580,1,987863,470,3,3
580,1,988006,471,3,3
581,1,987333,142,4,4
581,1,987442,143,4,4
581,1,987550,144,4,4
581,1,987663,145,4,4
581,1,987776,146,4,4
581,1,987909,147,4,4
581,1,988020,148,4,4
581,1,988130,149,4,4
581,1,988246,150,4,4
581,1,988366,151,4,4
581,1,988480,152,4,4
581,1,988601,153,4,4
581,1,988712,154,4,4
581,1,988833,155,4,4
581,1,988950,156,4,4
581,1,989075,157,4,4
581,1,989204,158,4,4
581,1,989333,159,4,4
581,1,989465,160,4,4
581,1,989593,161,4,4
581,1,989714,162,4,4
581,1,989844,163,4,4
581,1,989976,164,4,4
581,1,990113,165,4,4
581,1,990245,166,4,4
581,1,990383,167,4,4
581,1,990503,168,4,4
581,1,990636,169,4,4
581,1,990788,170,4,4
581,1,990913,171,4,4
581,1,991045,172,4,4
581,1,991175,173,4,4
581,1,991311,174,4,4
581,1,991750,175,4,4
581,1,991879,176,4,4
581,1,992000,177,4,4
581,1,992111,178,4,4
581,1,992237,179,4,4
581,1,992373,180,4,4
581,1,992534,181,4,4
581,1,992707,182,4,4
581,1,992847,183,4,4
581,1,992972,184,4,4
581,1,993101,185,4,4
581,1,993238,186,4,4
581,1,993684,187,4,4
581,1,993842,188,4,4
581,1,993963,189,4,4
581,1,994111,190,4,4
581,1,996882,191,4,4
581,1,996975,192,4,4
581,1,997071,193,4,4
581,1,997176,194,4,4
581,1,997309,195,4,4
581,1,997449,196,4,4
581,1,997570,197,4,4
581,1,997751,198,4,4
581,1,997848,199,4,4
581,1,997964,200,4,4
581,1,998096,201,4,4
581,1,998217,202,4,4
580,1,1017746,472,3,3
580,1,1017847,473,3,3
580,1,1018004,474,3,3
580,1,1018147,475,3,3
580,1,1018257,476,3,3
580,1,1018370,477,3,3
580,1,1018561,478,3,3
580,1,1018803,479,3,3
580,1,1018967,480,3,3
580,1,1019134,481,3,3
580,1,1019267,482,3,3
580,1,1019411,483,3,3
580,1,1019544,484,3,3
580,1,1019704,485,3,3
580,1,1019868,486,3,3
580,1,1020004,487,3,3
580,1,1020222,488,3,3
580,1,1020312,489,3,3
580,1,1020480,490,3,3
581,1,1019530,203,4,4
580,1,1020612,491,3,3
581,1,1019614,204,4,4
581,1,1019694,205,4,4
580,1,1020765,492,3,3
581,1,1019787,206,4,4
581,1,1019883,207,4,4
580,1,1020948,493,3,3
581,1,1019983,208,4,4
580,1,1021061,494,3,3
581,1,1020085,209,4,4
580,1,1021194,495,3,3
581,1,1020189,210,4,4
580,1,1021342,496,3,3
581,1,1020306,211,4,4
581,1,1020414,212,4,4
581,1,1020527,213,4,4
580,1,1021627,497,3,3
581,1,1020643,214,4,4
580,1,1021751,498,3,3
581,1,1020772,215,4,4
580,1,1021895,499,3,3
581,1,1020909,216,4,4
578,0,1032609,68,1,1
580,1,1022032,500,3,3
578,0,1032699,69,1,1
581,1,1021038,217,4,4
578,0,1032825,70,1,1
581,1,1021347,218,4,4
580,0,1035723,72,0,0
580,0,1035832,73,0,0
580,0,1036023,74,0,0
580,0,1036140,75,0,0
580,0,1036733,76,0,0
580,0,1036846,77,0,0
580,0,1036979,78,0,0
580,0,1037134,79,0,0
580,0,1037291,80,0,0
580,0,1037434,81,0,0
580,0,1037559,82,0,0
580,0,1037719,83,0,0
579,0,1057675,310,4,4
579,0,1057790,311,4,4
579,0,1057895,312,4,4
579,0,1057995,313,4,4
579,0,1059688,314,5,5
579,0,1059802,315,5,5
579,0,1059924,316,5,5
579,0,1060040,317,5,5
579,0,1060175,318,5,5
579,0,1060284,319,5,5
579,0,1060404,320,5,5
579,0,1060531,321,5,5
579,0,1060655,322,5,5
579,0,1060786,323,5,5
579,0,1060905,324,5,5
579,0,1061148,325,5,5
579,0,1061272,326,5,5
579,0,1061399,327,5,5
579,0,1061527,328,5,5
579,0,1061658,329,5,5
579,0,1061917,330,5,5
579,0,1062040,331,5,5
579,0,1062168,332,5,5
579,0,1062298,333,5,5
579,0,1062437,334,5,5
579,0,1062568,335,5,5
579,0,1062696,336,5,5
579,0,1062836,337,5,5
579,0,1062967,338,5,5
579,0,1063094,339,5,5
579,0,1063229,340,5,5
579,0,1063360,341,5,5
579,0,1063495,342,5,5
579,0,1063626,343,5,5
579,0,1063761,344,5,5
579,0,1063881,345,5,5
579,0,1064012,346,5,5
579,0,1064147,347,5,5
579,0,1064287,348,5,5
579,0,1064422,349,5,5
579,0,1064549,350,5,5
579,0,1064680,351,5,5
579,0,1064804,352,5,5
579,0,1064943,353,5,5
579,0,1065082,354,5,5
579,0,1065198,355,5,5
579,0,1065333,356,5,5
579,0,1065456,357,5,5
581,0,1064219,1,0,0
581,0,1064413,2,0,0
581,0,1064525,3,0,0
581,0,1064617,4,0,0
581,0,1064730,5,0,0
581,0,1065016,6,0,0
581,0,1065172,7,0,0
581,0,1065321,8,0,0
581,0,1065490,9,0,0
581,0,1073441,10,0,0
581,0,1073614,11,0,0
581,0,1073783,12,0,0
581,0,1073936,13,0,0
580,0,1083055,-1,False,True
580,0,1083059,-1,False,True
580,0,1083068,-1,False,True
580,0,1083076,-1,False,True
580,0,1083085,-1,False,True
580,0,1083094,-1,False,True
580,0,1083104,-1,False,True
580,0,1083112,-1,False,True
580,0,1083121,-1,False,False
580,0,1083129,-1,False,False
580,0,1083139,-1,False,False
580,0,1083147,-1,False,False
580,0,1083157,-1,False,False
580,0,1083165,-1,False,False
580,0,1083174,-1,False,False
580,0,1083183,-1,False,False
580,0,1083193,-1,False,False
580,0,1083201,-1,False,False
580,0,1083210,-1,False,False
580,0,1083218,-1,False,False
580,0,1083228,-1,False,False
580,0,1083237,-1,False,False
580,0,1083246,-1,False,False
580,0,1083254,-1,False,False
580,0,1083264,-1,False,False
580,0,1083272,-1,False,False
580,0,1083282,-1,False,False
580,0,1083290,-1,False,False
580,0,1083299,-1,False,False
580,0,1083308,-1,False,False
580,0,1083318,-1,False,False
580,0,1083326,-1,False,False
580,0,1083335,-1,False,False
580,0,1083343,-1,False,False
580,0,1083354,-1,False,False
580,0,1083362,-1,False,False
580,0,1083371,-1,False,False
580,0,1083379,-1,False,False
580,0,1083388,-1,False,False
580,0,1083397,-1,False,False
580,0,1083407,-1,False,False
580,0,1083415,-1,False,False
580,0,1083424,-1,False,False
580,0,1083432,-1,False,False
580,0,1083443,-1,False,False
580,0,1083451,-1,False,False
580,0,1083460,-1,False,False
580,0,1083468,-1,False,False
580,0,1083479,-1,False,False
580,0,1083487,-1,False,False
580,0,1083496,-1,False,False
580,0,1083504,-1,False,False
580,0,1083513,-1,False,False
580,0,1083522,-1,False,False
580,0,1083532,-1,False,False
580,0,1083540,-1,False,False
580,0,1083549,-1,False,False
580,0,1083557,-1,False,False
580,0,1083568,-1,False,False
580,0,1083576,-1,False,False
580,0,1083585,-1,False,False
580,0,1083593,-1,False,False
580,0,1083603,-1,False,False
580,0,1083612,-1,False,False
580,0,1083621,-1,False,False
580,0,1083629,-1,False,False
580,0,1083638,-1,False,False
580,0,1083648,-1,False,False
580,0,1083657,-1,False,False
580,0,1083665,-1,False,False
580,0,1083674,-1,False,False
580,0,1083682,-1,False,False
580,0,1083693,-1,False,False
580,0,1083701,-1,False,False
580,0,1083710,-1,False,False
580,0,1083718,-1,False,False
580,0,1083728,-1,False,False
580,0,1083737,-1,False,False
580,0,1083746,-1,False,False
580,0,1083754,-1,False,False
580,0,1083763,-1,False,False
580,0,1083772,-1,False,False
580,0,1083782,-1,False,False
580,0,1083790,-1,False,False
580,0,1083799,-1,False,False
580,0,1083807,-1,False,False
580,0,1083817,-1,False,False
580,0,1083826,-1,False,False
580,0,1083835,-1,False,False
580,1,1087542,501,3,3
580,1,1087670,502,3,3
581,1,1086725,219,4,4
580,1,1087783,503,3,3
581,1,1086814,220,4,4
581,1,1086902,221,4,4
580,1,1087896,504,3,3
581,1,1086991,222,4,4
581,1,1087087,223,4,4
581,1,1087204,224,4,4
581,1,1087328,225,4,4
581,1,1087449,226,4,4
581,1,1087574,227,4,4
581,1,1087703,228,4,4
581,1,1087818,229,4,4
581,1,1088350,230,4,4
581,1,1088487,231,4,4
580,1,1089591,505,4,4
580,1,1089705,506,4,4
580,1,1089822,507,4,4
581,1,1088897,232,4,4
580,1,1089935,508,4,4
581,1,1089037,233,4,4
580,1,1090057,509,4,4
580,1,1090172,510,4,4
580,1,1090290,511,4,4
580,1,1090400,512,4,4
580,1,1090516,513,4,4
580,1,1090629,514,4,4
580,1,1090746,515,4,4
580,1,1090864,516,4,4
580,1,1090976,517,4,4
580,1,1091089,518,4,4
580,1,1091210,519,4,4
580,1,1091326,520,4,4
580,1,1091456,521,4,4
580,1,1091573,522,4,4
580,1,1091697,523,4,4
580,1,1091826,524,4,4
580,1,1091947,525,4,4
580,1,1092072,526,4,4
580,1,1092189,527,4,4
580,1,1092310,528,4,4
580,1,1092426,529,4,4
580,1,1092551,530,4,4
580,1,1092676,531,4,4
581,1,1091728,234,4,4
580,1,1092793,532,4,4
581,1,1091869,235,4,4
580,1,1092950,533,4,4
580,1,1093069,534,4,4
580,1,1093202,535,4,4
580,1,1093323,536,4,4
580,1,1093444,537,4,4
580,1,1093569,538,4,4
580,1,1093697,539,4,4
580,1,1093818,540,4,4
580,1,1093936,541,4,4
580,1,1094068,542,4,4
580,1,1094189,543,4,4
580,1,1094309,544,4,4
580,1,1094422,545,4,4
580,1,1094544,546,4,4
580,1,1094676,547,4,4
580,1,1094797,548,4,4
580,1,1094922,549,4,4
580,1,1095050,550,4,4
580,1,1095183,551,4,4
580,1,1095312,552,4,4
580,1,1095444,553,4,4
580,1,1095569,554,4,4
580,1,1095694,555,4,4
580,1,1095826,556,4,4
580,1,1095951,557,4,4
580,1,1096076,558,4,4
580,1,1096204,559,4,4
580,1,1096333,560,4,4
580,1,1096466,561,4,4
580,1,1096590,562,4,4
580,1,1096715,563,4,4
580,1,1096844,564,4,4
580,1,1096969,565,4,4
580,1,1097101,566,4,4
580,1,1097230,567,4,4
580,1,1097347,568,4,4
580,1,1097472,569,4,4
580,1,1097616,570,4,4
580,1,1097741,571,4,4
580,1,1097870,572,4,4
580,1,1098005,573,4,4
580,1,1098134,574,4,4
580,1,1098267,575,4,4
580,1,1098423,576,4,4
580,1,1098567,577,4,4
580,1,1098703,578,4,4
580,1,1098860,579,4,4
580,1,1099012,580,4,4
580,1,1099180,581,4,4
580,1,1099335,582,4,4
580,1,1099495,583,4,4
580,1,1099659,584,4,4
580,1,1099823,585,4,4
580,1,1099986,586,4,4
580,1,1100298,587,4,4
581,0,1099390,14,0,0
580,1,1100450,588,4,4
581,0,1099507,15,0,0
580,1,1100578,589,4,4
581,0,1105552,16,0,0
581,0,1105754,17,0,0
581,0,1105918,18,0,0
581,1,1113419,236,4,4
580,1,1122548,590,4,4
580,1,1122681,591,4,4
580,1,1122787,592,4,4
580,1,1122919,593,4,4
580,1,1123028,594,4,4
580,1,1123148,595,4,4
580,1,1123266,596,4,4
580,1,1123391,597,4,4
580,1,1123504,598,4,4
580,1,1123617,599,4,4
580,1,1123730,600,4,4
580,1,1123843,601,4,4
580,1,1123980,602,4,4
580,1,1124100,603,4,4
580,1,1124209,604,4,4
580,1,1124331,605,4,4
580,1,1124463,606,4,4
580,1,1124584,607,4,4
580,1,1124701,608,4,4
580,1,1124817,609,4,4
580,1,1124946,610,4,4
580,1,1125059,611,4,4
580,1,1125180,612,4,4
580,1,1125313,613,4,4
580,1,1125441,614,4,4
580,1,1125570,615,4,4
580,1,1125695,616,4,4
580,1,1125827,617,4,4
580,1,1125956,618,4,4
580,1,1126085,619,4,4
580,1,1126233,620,4,4
580,1,1126401,621,4,4
580,1,1126545,622,4,4
580,1,1126720,623,4,4
580,1,1126868,624,4,4
580,1,1127009,625,4,4
580,1,1127164,626,4,4
580,1,1127328,627,4,4
580,1,1127477,628,4,4
580,1,1127632,629,4,4
580,1,1127784,630,4,4
580,1,1127928,631,4,4
578,0,1145662,-1,False,True
578,0,1145666,-1,False,True
578,0,1145675,-1,False,True
578,0,1145683,-1,False,True
578,0,1145693,-1,False,True
578,0,1145701,-1,False,True
578,0,1145710,-1,False,True
578,0,1145718,-1,False,True
578,0,1145729,-1,False,False
578,0,1145737,-1,False,False
578,0,1145746,-1,False,False
578,0,1145754,-1,False,False
578,0,1145764,-1,False,False
578,0,1145773,-1,False,False
578,0,1145782,-1,False,False
578,0,1145790,-1,False,False
578,0,1145799,-1,False,False
578,0,1145808,-1,False,False
578,0,1145818,-1,False,False
578,0,1145826,-1,False,False
578,0,1145835,-1,False,False
578,0,1145843,-1,False,False
578,0,1145853,-1,False,False
578,0,1145862,-1,False,False
578,0,1145871,-1,False,False
578,0,1145879,-1,False,False
578,0,1145889,-1,False,False
578,0,1145897,-1,False,False
578,0,1145907,-1,False,False
578,0,1145915,-1,False,False
578,0,1145924,-1,False,False
578,0,1145933,-1,False,False
578,0,1145943,-1,False,False
578,0,1145951,-1,False,False
578,0,1145960,-1,False,False
578,0,1145968,-1,False,False
578,0,1145978,-1,False,False
578,0,1145987,-1,False,False
578,0,1145996,-1,False,False
578,0,1146004,-1,False,False
578,0,1146014,-1,False,False
578,0,1146022,-1,False,False
578,0,1146032,-1,False,False
578,0,1146040,-1,False,False
578,0,1146049,-1,False,False
578,0,1146058,-1,False,False
578,0,1146067,-1,False,False
578,0,1146076,-1,False,False
578,0,1146085,-1,False,False
578,0,1146093,-1,False,False
578,0,1146103,-1,False,False
578,0,1146112,-1,False,False
578,0,1146121,-1,False,False
578,0,1146129,-1,False,False
578,0,1146139,-1,False,False
578,0,1146147,-1,False,False
578,0,1146157,-1,False,False
578,0,1146165,-1,False,False
580,0,1142948,-1,False,True
580,0,1142951,-1,False,True
580,0,1142962,-1,False,True
580,0,1142970,-1,False,True
580,0,1142979,-1,False,True
580,0,1142987,-1,False,True
580,0,1142996,-1,False,True
580,0,1143005,-1,False,True
580,0,1143015,-1,False,False
580,0,1143023,-1,False,False
580,0,1143032,-1,False,False
580,0,1143041,-1,False,False
580,0,1143050,-1,False,False
580,0,1143059,-1,False,False
580,0,1143068,-1,False,False
580,0,1143076,-1,False,False
580,0,1143086,-1,False,False
580,0,1143094,-1,False,False
580,0,1143104,-1,False,False
580,0,1143112,-1,False,False
580,0,1143121,-1,False,False
580,0,1143130,-1,False,False
580,0,1143140,-1,False,False
580,0,1143148,-1,False,False
580,0,1143157,-1,False,False
580,0,1143165,-1,False,False
580,0,1143175,-1,False,False
580,0,1143184,-1,False,False
580,0,1143193,-1,False,False
580,0,1143201,-1,False,False
580,0,1143211,-1,False,False
580,0,1143219,-1,False,False
580,0,1143229,-1,False,False
580,0,1143237,-1,False,False
580,0,1143246,-1,False,False
580,0,1143255,-1,False,False
580,0,1143265,-1,False,False
580,0,1143273,-1,False,False
580,0,1143282,-1,False,False
580,0,1143290,-1,False,False
580,0,1143300,-1,False,False
580,0,1143309,-1,False,False
580,0,1143318,-1,False,False
580,0,1143326,-1,False,False
580,0,1143335,-1,False,False
580,0,1143344,-1,False,False
580,0,1143354,-1,False,False
580,0,1143362,-1,False,False
580,0,1143371,-1,False,False
580,0,1143379,-1,False,False
580,0,1143390,-1,False,False
580,0,1143398,-1,False,False
580,0,1143407,-1,False,False
580,0,1143415,-1,False,False
580,0,1143425,-1,False,False
580,0,1143434,-1,False,False
580,0,1143443,-1,False,False
580,0,1143451,-1,False,False
580,0,1143460,-1,False,False
580,0,1143469,-1,False,False
580,0,1143479,-1,False,False
580,0,1143487,-1,False,False
580,0,1143496,-1,False,False
580,0,1143504,-1,False,False
580,0,1143515,-1,False,False
580,0,1143523,-1,False,False
580,0,1143532,-1,False,False
578,0,1158355,71,1,1
578,0,1158450,72,1,1
580,1,1147550,632,4,4
580,1,1147660,633,4,4
578,0,1158571,73,1,1
578,0,1158672,74,1,1
580,1,1147800,634,4,4
580,1,1147913,635,4,4
578,0,1160359,75,2,2
580,1,1149623,636,5,5
578,0,1160762,76,2,2
578,0,1160848,77,2,2
578,0,1160980,78,2,2
578,0,1161078,79,2,2
578,0,1161185,80,2,2
578,0,1161289,81,2,2
578,0,1161400,82,2,2
578,0,1161501,83,2,2
578,0,1161611,84,2,2
578,0,1161736,85,2,2
578,0,1161838,86,2,2
578,0,1161951,87,2,2
578,0,1162068,88,2,2
578,0,1162189,89,2,2
578,0,1162311,90,2,2
578,0,1162436,91,2,2
578,0,1162569,92,2,2
578,0,1162695,93,2,2
578,0,1162819,94,2,2
578,0,1162948,95,2,2
578,0,1163089,96,2,2
578,0,1163214,97,2,2
578,0,1163347,98,2,2
581,1,1151700,237,4,4
581,1,1151830,238,4,4
581,1,1151913,239,4,4
581,1,1152015,240,4,4
581,1,1152107,241,4,4
581,1,1152247,242,4,4
581,1,1152349,243,4,4
581,1,1152473,244,4,4
580,0,1153547,84,0,0
580,0,1153675,85,0,0
580,0,1153819,86,0,0
580,0,1153940,87,0,0
580,0,1154131,88,0,0
580,0,1154264,89,0,0
580,0,1154401,90,0,0
580,0,1154509,91,0,0
580,0,1154661,92,0,0
580,0,1154797,93,0,0
580,0,1158228,94,0,0
580,0,1158373,95,0,0
580,0,1158502,96,0,0
580,0,1158666,97,0,0
580,0,1158782,98,0,0
580,1,1161344,637,5,5
580,1,1161421,638,5,5
580,1,1161535,639,5,5
580,1,1161628,640,5,5
580,1,1161721,641,5,5
580,1,1161824,642,5,5
580,1,1161928,643,5,5
580,1,1162034,644,5,5
580,1,1162139,645,5,5
580,1,1162249,646,5,5
580,1,1162353,647,5,5
580,1,1162467,648,5,5
580,1,1162579,649,5,5
580,1,1162689,650,5,5
580,1,1162806,651,5,5
580,1,1162923,652,5,5
580,1,1163043,653,5,5
580,1,1163156,654,5,5
580,1,1163266,655,5,5
580,1,1163367,656,5,5
580,1,1163476,657,5,5
580,1,1163593,658,5,5
580,1,1163706,659,5,5
580,1,1163820,660,5,5
580,1,1163940,661,5,5
580,1,1164061,662,5,5
580,1,1164170,663,5,5
580,1,1164286,664,5,5
580,1,1164408,665,5,5
580,1,1164540,666,5,5
580,1,1164661,667,5,5
580,1,1164790,668,5,5
580,1,1164896,669,5,5
580,1,1165020,670,5,5
580,1,1165153,671,5,5
580,1,1165266,672,5,5
580,1,1165386,673,5,5
580,1,1165523,674,5,5
580,1,1165640,675,5,5
580,1,1165761,676,5,5
580,1,1165878,677,5,5
580,1,1165990,678,5,5
580,1,1166111,679,5,5
580,1,1166233,680,5,5
580,1,1166357,681,5,5
580,1,1166486,682,5,5
580,1,1166643,683,5,5
580,1,1166782,684,5,5
580,1,1166922,685,5,5
580,1,1167051,686,5,5
580,1,1167187,687,5,5
580,1,1167308,688,5,5
580,1,1167446,689,5,5
580,1,1167593,690,5,5
580,1,1167722,691,5,5
580,1,1167854,692,5,5
580,1,1168007,693,5,5
580,1,1168143,694,5,5
580,1,1168290,695,5,5
580,1,1168435,696,5,5
580,1,1168595,697,5,5
580,1,1168744,698,5,5
580,1,1168868,699,5,5
580,1,1169001,700,5,5
580,1,1169133,701,5,5
580,1,1169254,702,5,5
580,1,1169379,703,5,5
580,1,1169504,704,5,5
580,1,1169636,705,5,5
580,1,1169769,706,5,5
580,1,1169898,707,5,5
580,1,1170033,708,5,5
580,1,1170166,709,5,5
580,1,1170315,710,5,5
580,1,1170458,711,5,5
580,1,1170595,712,5,5
580,1,1170720,713,5,5
580,1,1170856,714,5,5
580,1,1171016,715,5,5
580,1,1171149,716,5,5
580,1,1171266,717,5,5
580,1,1171402,718,5,5
580,1,1171531,719,5,5
580,1,1171676,720,5,5
580,1,1171831,721,5,5
580,1,1171956,722,5,5
580,1,1172105,723,5,5
580,1,1172244,724,5,5
580,1,1172377,725,5,5
580,1,1172506,726,5,5
580,1,1172630,727,5,5
580,1,1172787,728,5,5
580,1,1172916,729,5,5
580,1,1173041,730,5,5
580,1,1173169,731,5,5
580,1,1173321,732,5,5
580,1,1173496,733,5,5
580,1,1173628,734,5,5
580,1,1173766,735,5,5
580,1,1173910,736,5,5
580,1,1174059,737,5,5
580,1,1174230,738,5,5
579,0,1178544,358,5,5
580,1,1174366,739,5,5
579,0,1178651,359,5,5
580,1,1174506,740,5,5
579,0,1178756,360,5,5
579,0,1178856,361,5,5
580,1,1174666,741,5,5
579,0,1178937,362,5,5
580,1,1174802,742,5,5
579,0,1179049,363,5,5
580,1,1174943,743,5,5
579,0,1179161,364,5,5
579,0,1179277,365,5,5
580,1,1175084,744,5,5
579,0,1179388,366,5,5
580,1,1175224,745,5,5
579,0,1179489,367,5,5
580,1,1175360,746,5,5
579,0,1179596,368,5,5
580,1,1175500,747,5,5
579,0,1179712,369,5,5
580,1,1175632,748,5,5
579,0,1179832,370,5,5
579,0,1179944,371,5,5
580,1,1175793,749,5,5
579,0,1180067,372,5,5
580,1,1175941,750,5,5
579,0,1180184,373,5,5
579,0,1180300,374,5,5
580,1,1176113,751,5,5
579,0,1180427,375,5,5
580,1,1176281,752,5,5
579,0,1180565,376,5,5
580,1,1176443,753,5,5
579,0,1180693,377,5,5
579,0,1180813,378,5,5
579,0,1180951,379,5,5
580,1,1176764,754,5,5
579,0,1181079,380,5,5
580,1,1176915,755,5,5
579,0,1181199,381,5,5
579,0,1181329,382,5,5
579,0,1181468,383,5,5
579,0,1181603,384,5,5
579,0,1181734,385,5,5
579,0,1181878,386,5,5
579,0,1182008,387,5,5
579,0,1182155,388,5,5
579,0,1182295,389,5,5
579,0,1182430,390,5,5
580,1,1178332,756,5,5
579,0,1182565,391,5,5
580,1,1178460,757,5,5
579,0,1182707,392,5,5
581,0,1179474,19,0,0
581,0,1179627,20,0,0
580,1,1180601,758,5,5
581,0,1179856,21,0,0
580,1,1180726,759,5,5
580,1,1180834,760,5,5
580,1,1180955,761,5,5
581,0,1180198,22,0,0
580,1,1181081,762,5,5
580,1,1181194,763,5,5
580,1,1181326,764,5,5
580,1,1181490,765,5,5
580,1,1181615,766,5,5
580,1,1181770,767,5,5
578,0,1196706,99,2,2
578,0,1196812,100,2,2
578,0,1196925,101,2,2
578,0,1197046,102,2,2
581,1,1200210,245,4,4
581,1,1200323,246,4,4
581,1,1200473,247,4,4
581,1,1200569,248,4,4
581,1,1200698,249,4,4
581,1,1200834,250,4,4
580,0,1206035,-1,False,True
580,0,1206039,-1,False,True
580,0,1206048,-1,False,True
580,0,1206056,-1,False,True
580,0,1206066,-1,False,True
580,0,1206074,-1,False,True
580,0,1206083,-1,False,True
580,0,1206091,-1,False,True
580,0,1206102,-1,False,False
580,0,1206110,-1,False,False
580,0,1206119,-1,False,False
580,0,1206127,-1,False,False
580,0,1206137,-1,False,False
580,0,1206146,-1,False,False
580,0,1206155,-1,False,False
580,0,1206163,-1,False,False
580,0,1206172,-1,False,False
580,0,1206181,-1,False,False
580,0,1206191,-1,False,False
580,0,1206199,-1,False,False
580,0,1206208,-1,False,False
580,0,1206216,-1,False,False
580,0,1206226,-1,False,False
580,0,1206235,-1,False,False
580,0,1206244,-1,False,False
580,0,1206252,-1,False,False
580,0,1206262,-1,False,False
580,0,1206270,-1,False,False
580,0,1206280,-1,False,False
580,0,1206288,-1,False,False
580,0,1206298,-1,False,False
580,0,1206306,-1,False,False
580,0,1206316,-1,False,False
580,0,1206324,-1,False,False
580,0,1206333,-1,False,False
580,0,1206341,-1,False,False
580,0,1206351,-1,False,False
580,0,1206360,-1,False,False
580,0,1206369,-1,False,False
580,0,1206377,-1,False,False
580,0,1206387,-1,False,False
580,0,1206395,-1,False,False
580,0,1206405,-1,False,False
580,0,1206413,-1,False,False
580,0,1206423,-1,False,False
580,0,1206431,-1,False,False
580,0,1206440,-1,False,False
580,0,1206449,-1,False,False
580,0,1206458,-1,False,False
580,0,1206466,-1,False,False
580,0,1206476,-1,False,False
580,0,1206484,-1,False,False
580,0,1206494,-1,False,False
580,0,1206502,-1,False,False
580,0,1206512,-1,False,False
580,0,1206520,-1,False,False
580,0,1206530,-1,False,False
580,0,1206538,-1,False,False
580,0,1206548,-1,False,False
580,0,1206556,-1,False,False
580,0,1206565,-1,False,False
580,0,1206574,-1,False,False
580,0,1206583,-1,False,False
580,0,1206591,-1,False,False
580,0,1206601,-1,False,False
580,0,1206609,-1,False,False
580,0,1206619,-1,False,False
580,0,1206627,-1,False,False
580,0,1206637,-1,False,False
580,0,1206645,-1,False,False
580,0,1206654,-1,False,False
580,0,1206663,-1,False,False
580,0,1206673,-1,False,False
580,0,1206681,-1,False,False
580,0,1206690,-1,False,False
580,0,1206699,-1,False,False
580,0,1206708,-1,False,False
580,0,1206717,-1,False,False
580,0,1206726,-1,False,False
580,0,1206734,-1,False,False
580,0,1206744,-1,False,False
580,0,1206752,-1,False,False
580,0,1206762,-1,False,False
580,0,1206770,-1,False,False
580,0,1206779,-1,False,False
580,0,1206788,-1,False,False
580,0,1206798,-1,False,False
580,0,1206806,-1,False,False
580,0,1206815,-1,False,False
580,0,1206823,-1,False,False
580,0,1206833,-1,False,False
580,0,1206842,-1,False,False
580,0,1206851,-1,False,False
580,0,1206859,-1,False,False
580,0,1206868,-1,False,False
580,0,1206877,-1,False,False
580,0,1206887,-1,False,False
581,1,1209376,251,4,4
581,1,1209492,252,4,4
581,1,1209641,253,4,4
581,1,1210747,254,4,4
581,1,1210827,255,4,4
581,1,1210916,256,4,4
581,1,1211205,257,4,4
581,1,1211374,258,4,4
581,1,1211511,259,4,4
581,1,1211649,260,4,4
580,0,1218750,99,0,0
580,0,1218949,100,0,0
580,0,1219117,101,0,0
580,0,1219928,102,0,0
580,0,1221681,103,1,1
580,0,1221756,104,1,1
580,0,1221866,105,1,1
580,1,1233938,768,5,5
580,1,1234056,769,5,5
580,1,1234200,770,5,5
580,0,1239998,-1,True,False
580,0,1240002,-1,True,False
580,0,1240011,-1,True,False
580,0,1240019,-1,True,False
580,0,1240029,-1,True,False
580,0,1240037,-1,True,False
580,0,1240047,-1,True,False
580,0,1240055,-1,True,False
580,0,1240065,-1,True,False
580,0,1240073,-1,False,False
580,0,1240082,-1,False,False
580,0,1240090,-1,False,False
580,0,1240100,-1,False,False
580,0,1240109,-1,False,False
580,0,1240118,-1,False,False
580,0,1240126,-1,False,False
580,0,1240136,-1,False,False
580,0,1240144,-1,False,False
580,0,1240154,-1,False,False
580,0,1240162,-1,False,False
580,0,1240171,-1,False,False
580,0,1240180,-1,False,False
580,0,1240189,-1,False,False
580,0,1240198,-1,False,False
580,0,1240207,-1,False,False
580,0,1240215,-1,False,False
580,0,1240225,-1,False,False
580,0,1240233,-1,False,False
580,0,1240243,-1,False,False
580,0,1240251,-1,False,False
580,0,1240261,-1,False,False
580,0,1240269,-1,False,False
580,0,1240279,-1,False,False
580,0,1240287,-1,False,False
580,0,1240296,-1,False,False
580,0,1240305,-1,False,False
580,0,1240314,-1,False,False
581,0,1263158,-1,False,True
581,0,1263161,-1,False,True
581,0,1263170,-1,False,True
581,0,1263178,-1,False,True
581,0,1263188,-1,False,True
581,0,1263197,-1,False,True
581,0,1263206,-1,False,True
581,0,1263214,-1,False,True
581,0,1263223,-1,False,False
581,0,1263232,-1,False,False
581,0,1263242,-1,False,False
581,0,1263250,-1,False,False
581,0,1263259,-1,False,False
581,0,1263267,-1,False,False
581,0,1263278,-1,False,False
581,0,1263286,-1,False,False
581,0,1263295,-1,False,False
581,0,1263303,-1,False,False
581,0,1263312,-1,False,False
581,0,1263321,-1,False,False
581,0,1263331,-1,False,False
581,0,1263339,-1,False,False
581,0,1263348,-1,False,False
581,0,1263356,-1,False,False
580,1,1265331,771,5,5
580,1,1265467,772,5,5
580,1,1265575,773,5,5
581,0,1264837,-1,False,False
581,0,1264840,-1,False,False
581,0,1264850,-1,False,False
581,0,1264859,-1,False,False
581,0,1264868,-1,False,False
581,0,1264876,-1,False,False
581,0,1264886,-1,False,False
581,0,1264894,-1,False,False
581,0,1264904,-1,False,False
581,0,1264912,-1,False,False
581,0,1264922,-1,False,False
581,0,1264930,-1,False,False
581,0,1264940,-1,False,False
581,0,1264948,-1,False,False
581,0,1264957,-1,False,False
581,0,1264966,-1,False,False
581,0,1264975,-1,False,False
580,1,1265736,774,5,5
581,0,1265004,-1,False,False
581,0,1265008,-1,False,False
581,0,1265017,-1,False,False
581,0,1265026,-1,False,False
581,0,1265036,-1,False,False
581,0,1265044,-1,False,False
581,0,1265053,-1,False,False
581,0,1265061,-1,False,False
581,0,1265071,-1,False,False
581,0,1265080,-1,False,False
581,0,1265089,-1,False,False
581,0,1265097,-1,False,False
581,0,1265106,-1,False,False
581,0,1265115,-1,False,False
581,0,1265125,-1,False,False
581,0,1265133,-1,False,False
581,0,1265142,-1,False,False
581,0,1265150,-1,False,False
581,0,1265161,-1,False,False
581,0,1265169,-1,False,False
581,0,1265178,-1,False,False
581,0,1265186,-1,False,False
581,0,1265196,-1,False,False
581,0,1265205,-1,False,False
581,0,1265214,-1,False,False
581,0,1265222,-1,False,False
581,0,1265241,-1,False,False
581,0,1265245,-1,False,False
581,0,1265254,-1,False,False
581,0,1265262,-1,False,False
581,0,1265272,-1,False,False
581,0,1265281,-1,False,False
581,0,1265290,-1,False,False
581,0,1265298,-1,False,False
581,0,1265307,-1,False,False
581,0,1265316,-1,False,False
581,0,1265326,-1,False,False
581,0,1265334,-1,False,False
581,0,1265343,-1,False,False
581,0,1265351,-1,False,False
581,0,1265361,-1,False,False
581,0,1265370,-1,False,False
581,0,1265379,-1,False,False
581,0,1265387,-1,False,False
581,0,1265397,-1,False,False
581,0,1265405,-1,False,False
581,0,1265415,-1,False,False
581,0,1265423,-1,False,False
581,0,1265432,-1,False,False
581,0,1265441,-1,False,False
581,0,1265451,-1,False,False
581,0,1265459,-1,False,False
581,0,1265468,-1,False,False
581,0,1265476,-1,False,False
581,0,1265486,-1,False,False
581,0,1265495,-1,False,False
581,0,1265504,-1,False,False
581,0,1265512,-1,False,False
581,0,1265522,-1,False,False
581,0,1265530,-1,False,False
581,0,1265540,-1,False,False
581,0,1265548,-1,False,False
581,0,1265557,-1,False,False
581,0,1265566,-1,False,False
581,0,1265575,-1,False,False
581,0,1265584,-1,False,False
581,0,1265593,-1,False,False
580,1,1267437,775,6,6
580,1,1267542,776,6,6
580,1,1267654,777,6,6
580,1,1267771,778,6,6
580,1,1267904,779,6,6
580,1,1268017,780,6,6
580,1,1268142,781,6,6
580,1,1268282,782,6,6
580,1,1268400,783,6,6
580,1,1268512,784,6,6
580,1,1268629,785,6,6
580,1,1268750,786,6,6
580,1,1268875,787,6,6
580,1,1268996,788,6,6
580,1,1269113,789,6,6
580,1,1269233,790,6,6
580,1,1269366,791,6,6
580,1,1269495,792,6,6
580,1,1269639,793,6,6
580,1,1269779,794,6,6
580,1,1269940,795,6,6
580,1,1270076,796,6,6
580,1,1270236,797,6,6
580,1,1270400,798,6,6
580,1,1270544,799,6,6
580,1,1270836,800,6,6
580,1,1270984,801,6,6
580,1,1271133,802,6,6
580,1,1271269,803,6,6
580,1,1271386,804,6,6
580,1,1271530,805,6,6
580,1,1271655,806,6,6
580,1,1271772,807,6,6
580,1,1271901,808,6,6
580,1,1272038,809,6,6
580,1,1272173,810,6,6
580,1,1272314,811,6,6
580,1,1272455,812,6,6
580,1,1272580,813,6,6
580,1,1272716,814,6,6
580,1,1272856,815,6,6
580,1,1272996,816,6,6
580,1,1273125,817,6,6
580,1,1273246,818,6,6
580,1,1273367,819,6,6
580,1,1273492,820,6,6
580,1,1273617,821,6,6
580,1,1273749,822,6,6
580,1,1273890,823,6,6
580,1,1274018,824,6,6
580,1,1274139,825,6,6
580,1,1274292,826,6,6
580,1,1274447,827,6,6
580,1,1274579,828,6,6
580,1,1274704,829,6,6
580,1,1274833,830,6,6
580,1,1274978,831,6,6
580,1,1275103,832,6,6
580,1,1275235,833,6,6
580,1,1275360,834,6,6
580,1,1275500,835,6,6
580,1,1275636,836,6,6
580,1,1275777,837,6,6
580,1,1275921,838,6,6
580,1,1276062,839,6,6
580,1,1276206,840,6,6
580,1,1276358,841,6,6
580,1,1276486,842,6,6
579,0,1280714,393,5,5
580,1,1276615,843,6,6
579,0,1280827,394,5,5
580,1,1276755,844,6,6
579,0,1280927,395,5,5
579,0,1281028,396,5,5
580,1,1276892,845,6,6
579,0,1281120,397,5,5
580,1,1277037,846,6,6
579,0,1281224,398,5,5
579,0,1281332,399,5,5
580,1,1277189,847,6,6
579,0,1281437,400,5,5
580,1,1277360,848,6,6
579,0,1281541,401,5,5
579,0,1281656,402,5,5
580,1,1277497,849,6,6
579,0,1281784,403,5,5
580,1,1277657,850,6,6
579,0,1281911,404,5,5
580,1,1277836,851,6,6
579,0,1282043,405,5,5
580,1,1277968,852,6,6
579,0,1282182,406,5,5
580,1,1278129,853,6,6
579,0,1282313,407,5,5
579,0,1282444,408,5,5
580,1,1278276,854,6,6
579,0,1282571,409,5,5
579,0,1282695,410,5,5
580,1,1278561,855,6,6
579,0,1282838,411,5,5
580,1,1278705,856,6,6
579,0,1282961,412,5,5
580,1,1278857,857,6,6
579,0,1283074,413,5,5
580,1,1278990,858,6,6
579,0,1283196,414,5,5
580,1,1279134,859,6,6
579,0,1283328,415,5,5
580,1,1279291,860,6,6
579,0,1283467,416,5,5
579,0,1283598,417,5,5
580,1,1279447,861,6,6
579,0,1283730,418,5,5
580,1,1279587,862,6,6
579,0,1283879,419,5,5
580,1,1279727,863,6,6
580,1,1279863,864,6,6
579,0,1284034,420,5,5
580,1,1279988,865,6,6
579,0,1284193,421,5,5
580,1,1280105,866,6,6
579,0,1284324,422,5,5
580,1,1280230,867,6,6
579,0,1284463,423,5,5
580,1,1280366,868,6,6
579,0,1284621,424,5,5
580,1,1280499,869,6,6
579,0,1284764,425,5,5
580,1,1280624,870,6,6
579,0,1284911,426,5,5
580,1,1280745,871,6,6
580,1,1280870,872,6,6
579,0,1285064,427,5,5
580,1,1281010,873,6,6
579,0,1285223,428,5,5
580,1,1281143,874,6,6
579,0,1285386,429,5,5
580,1,1281263,875,6,6
579,0,1285535,430,5,5
580,1,1281396,876,6,6
579,0,1285686,431,5,5
580,1,1281525,877,6,6
580,1,1281665,878,6,6
579,0,1285868,432,5,5
580,1,1281794,879,6,6
579,0,1286030,433,5,5
580,1,1281946,880,6,6
579,0,1286189,434,5,5
580,1,1282091,881,6,6
579,0,1286346,435,5,5
580,1,1282238,882,6,6
579,0,1286532,436,5,5
580,1,1282382,883,6,6
580,1,1282546,884,6,6
579,0,1286728,437,5,5
579,0,1286887,438,5,5
580,1,1282726,885,6,6
580,1,1282874,886,6,6
580,1,1283018,887,6,6
580,1,1283167,888,6,6
580,1,1283303,889,6,6
580,1,1283439,890,6,6
580,1,1283576,891,6,6
580,1,1283708,892,6,6
580,1,1283836,893,6,6
580,1,1283982,894,6,6
580,1,1284146,895,6,6
580,1,1284293,896,6,6
580,1,1284442,897,6,6
580,1,1284582,898,6,6
580,1,1284722,899,6,6
580,1,1284871,900,6,6
580,1,1285039,901,6,6
580,1,1285198,902,6,6
580,1,1285385,903,6,6
580,1,1285553,904,6,6
580,1,1285880,905,6,6
580,1,1286021,906,6,6
579,0,1298907,439,5,5
579,0,1299018,440,5,5
579,0,1299145,441,5,5
579,0,1299307,442,5,5
579,0,1299462,443,5,5
579,0,1299620,444,5,5
579,0,1299789,445,5,5
580,0,1305380,-1,False,True
580,0,1305383,-1,False,True
580,0,1305393,-1,False,True
580,0,1305401,-1,False,True
580,0,1305411,-1,False,True
580,0,1305419,-1,False,True
580,0,1305428,-1,False,True
580,0,1305437,-1,False,True
580,0,1305446,-1,False,False
580,0,1305454,-1,False,False
580,0,1305464,-1,False,False
580,0,1305473,-1,False,False
580,0,1305482,-1,False,False
580,0,1305490,-1,False,False
580,0,1305499,-1,False,False
580,0,1305508,-1,False,False
578,1,1317780,191,4,4
578,1,1317870,192,4,4
579,0,1316414,446,5,5
579,0,1316527,447,5,5
579,0,1316665,448,5,5
579,0,1316846,449,5,5
579,0,1317001,450,5,5
579,0,1317190,451,5,5
579,0,1317368,452,5,5
579,0,1317545,453,5,5
581,1,1313162,261,4,4
581,1,1313294,262,4,4
581,1,1313431,263,4,4
581,1,1313548,264,4,4
578,0,1327107,-1,True,False
578,0,1327110,-1,True,False
578,0,1327119,-1,True,False
578,0,1327127,-1,True,False
578,0,1327137,-1,True,False
578,0,1327145,-1,True,False
578,0,1327155,-1,True,False
578,0,1327163,-1,True,False
578,0,1327172,-1,True,False
581,1,1315249,265,5,5
578,0,1327180,-1,False,False
578,0,1327191,-1,False,False
578,0,1327199,-1,False,False
578,0,1327208,-1,False,False
578,0,1327216,-1,False,False
578,0,1327225,-1,False,False
578,0,1327234,-1,False,False
578,0,1327244,-1,False,False
581,1,1315333,266,5,5
578,0,1327252,-1,False,False
578,0,1327261,-1,False,False
578,0,1327269,-1,False,False
578,0,1327280,-1,False,False
578,0,1327288,-1,False,False
578,0,1327297,-1,False,False
578,0,1327305,-1,False,False
578,0,1327315,-1,False,False
578,0,1327324,-1,False,False
578,0,1327333,-1,False,False
581,1,1315446,267,5,5
578,0,1327341,-1,False,False
578,0,1327350,-1,False,False
578,0,1327360,-1,False,False
578,0,1327369,-1,False,False
578,0,1327377,-1,False,False
578,0,1327386,-1,False,False
578,0,1327394,-1,False,False
578,0,1327405,-1,False,False
578,0,1327413,-1,False,False
578,0,1327422,-1,False,False
578,0,1327430,-1,False,False
581,1,1315558,268,5,5
578,0,1327440,-1,False,False
578,0,1327449,-1,False,False
578,0,1327458,-1,False,False
578,0,1327466,-1,False,False
578,0,1327488,-1,False,False
578,0,1327491,-1,False,False
578,0,1327501,-1,False,False
578,0,1327509,-1,False,False
578,0,1327518,-1,False,False
578,0,1327526,-1,False,False
581,1,1315655,269,5,5
578,0,1327537,-1,False,False
578,0,1327545,-1,False,False
581,1,1315756,270,5,5
581,1,1315864,271,5,5
581,1,1315977,272,5,5
581,1,1316093,273,5,5
581,1,1316202,274,5,5
581,1,1316311,275,5,5
581,1,1316423,276,5,5
581,1,1316540,277,5,5
581,1,1316653,278,5,5
581,1,1316761,279,5,5
581,1,1316886,280,5,5
581,1,1316999,281,5,5
581,1,1317115,282,5,5
581,1,1317244,283,5,5
581,1,1317364,284,5,5
581,1,1317493,285,5,5
581,1,1317606,286,5,5
581,1,1317739,287,5,5
581,1,1317883,288,5,5
581,1,1318017,289,5,5
581,1,1318137,290,5,5
581,1,1318270,291,5,5
581,1,1318398,292,5,5
581,1,1318528,293,5,5
581,1,1318660,294,5,5
581,1,1318780,295,5,5
581,1,1318918,296,5,5
581,1,1319074,297,5,5
581,1,1319195,298,5,5
581,1,1319308,299,5,5
581,1,1319445,300,5,5
581,1,1319605,301,5,5
581,1,1319742,302,5,5
581,1,1319863,303,5,5
581,1,1319999,304,5,5
581,1,1320160,305,5,5
581,1,1320297,306,5,5
581,1,1320445,307,5,5
581,1,1320619,308,5,5
581,1,1320783,309,5,5
581,1,1320911,310,5,5
581,1,1321021,311,5,5
581,1,1321165,312,5,5
581,1,1321314,313,5,5
581,1,1321476,314,5,5
581,1,1321752,315,5,5
581,1,1321918,316,5,5
581,1,1322062,317,5,5
581,1,1322240,318,5,5
581,1,1322352,319,5,5
581,1,1322501,320,5,5
581,1,1322843,321,5,5
581,1,1323020,322,5,5
581,1,1323160,323,5,5
581,1,1323301,324,5,5
581,1,1323442,325,5,5
580,1,1325494,907,6,6
580,1,1325622,908,6,6
580,1,1325747,909,6,6
580,1,1325876,910,6,6
580,1,1327569,911,7,7
580,1,1327678,912,7,7
580,1,1327802,913,7,7
580,1,1327923,914,7,7
580,1,1328049,915,7,7
580,1,1328168,916,7,7
580,1,1328297,917,7,7
580,1,1328418,918,7,7
580,1,1328532,919,7,7
580,1,1328653,920,7,7
580,1,1328774,921,7,7
580,1,1328894,922,7,7
580,1,1329015,923,7,7
580,1,1329136,924,7,7
580,1,1329269,925,7,7
580,1,1329401,926,7,7
580,1,1329550,927,7,7
580,1,1329678,928,7,7
580,1,1329807,929,7,7
580,1,1329936,930,7,7
580,1,1330053,931,7,7
580,1,1330166,932,7,7
580,1,1330298,933,7,7
580,1,1330427,934,7,7
580,1,1330548,935,7,7
580,1,1330669,936,7,7
580,1,1330821,937,7,7
580,1,1330950,938,7,7
580,1,1331079,939,7,7
581,1,1357853,326,5,5
581,1,1357921,327,5,5
581,1,1358025,328,5,5
581,1,1358114,329,5,5
581,1,1358211,330,5,5
581,1,1358311,331,5,5
581,1,1358420,332,5,5
581,1,1358525,333,5,5
581,1,1358629,334,5,5
581,1,1358741,335,5,5
581,1,1358851,336,5,5
581,1,1358963,337,5,5
581,1,1359076,338,5,5
581,1,1359192,339,5,5
581,1,1359312,340,5,5
581,1,1359433,341,5,5
581,1,1359587,342,5,5
581,1,1359719,343,5,5
581,1,1359848,344,5,5
581,1,1360005,345,5,5
581,1,1360145,346,5,5
581,1,1360282,347,5,5
580,0,1362658,-1,False,True
580,0,1362661,-1,False,True
580,0,1362670,-1,False,True
580,0,1362678,-1,False,True
580,0,1362689,-1,False,True
580,0,1362697,-1,False,True
580,0,1362706,-1,False,True
580,0,1362714,-1,False,True
580,0,1362723,-1,False,False
580,0,1362732,-1,False,False
580,0,1362742,-1,False,False
580,0,1362750,-1,False,False
580,0,1362759,-1,False,False
580,0,1362767,-1,False,False
580,0,1362777,-1,False,False
580,0,1362785,-1,False,False
580,0,1362795,-1,False,False
580,0,1362803,-1,False,False
580,0,1362812,-1,False,False
580,0,1362821,-1,False,False
580,0,1362831,-1,False,False
580,0,1362839,-1,False,False
580,0,1362848,-1,False,False
580,0,1362856,-1,False,False
580,0,1362867,-1,False,False
580,0,1362875,-1,False,False
580,0,1362884,-1,False,False
580,0,1362892,-1,False,False
580,0,1362902,-1,False,False
580,0,1362910,-1,False,False
580,0,1362920,-1,False,False
580,0,1362928,-1,False,False
580,0,1362937,-1,False,False
580,0,1362946,-1,False,False
580,0,1362956,-1,False,False
580,0,1362964,-1,False,False
580,0,1362973,-1,False,False
580,0,1362981,-1,False,False
580,0,1362992,-1,False,False
580,0,1363000,-1,False,False
580,0,1363009,-1,False,False
580,0,1363017,-1,False,False
580,0,1363026,-1,False,False
580,0,1363036,-1,False,False
580,0,1363045,-1,False,False
580,0,1363053,-1,False,False
580,0,1363062,-1,False,False
580,0,1363070,-1,False,False
580,0,1363081,-1,False,False
580,0,1363089,-1,False,False
580,0,1363098,-1,False,False
580,0,1363106,-1,False,False
580,0,1363117,-1,False,False
580,0,1363125,-1,False,False
580,0,1363134,-1,False,False
580,0,1363142,-1,False,False
580,0,1363151,-1,False,False
580,0,1363161,-1,False,False
580,0,1363170,-1,False,False
580,0,1363178,-1,False,False
580,0,1363187,-1,False,False
580,0,1363195,-1,False,False
580,0,1363206,-1,False,False
580,0,1363214,-1,False,False
580,0,1363223,-1,False,False
580,0,1363231,-1,False,False
580,0,1363241,-1,False,False
580,0,1363250,-1,False,False
580,0,1363259,-1,False,False
580,0,1363267,-1,False,False
580,0,1363276,-1,False,False
580,0,1363286,-1,False,False
580,0,1363295,-1,False,False
580,0,1363303,-1,False,False
581,1,1364792,348,5,5
581,1,1364912,349,5,5
581,1,1365125,350,5,5
580,1,1365841,940,7,7
581,1,1365266,351,5,5
581,1,1365395,352,5,5
580,1,1366018,941,7,7
580,1,1366111,942,7,7
581,1,1365520,353,5,5
580,1,1366232,943,7,7
578,1,1378780,193,4,4
578,1,1378932,194,4,4
578,1,1379038,195,4,4
578,1,1379164,196,4,4
580,1,1367933,944,8,8
580,1,1368045,945,8,8
580,1,1368158,946,8,8
580,1,1368275,947,8,8
580,1,1368392,948,8,8
580,1,1368505,949,8,8
580,1,1368626,950,8,8
580,1,1368743,951,8,8
580,1,1368860,952,8,8
580,1,1368985,953,8,8
580,1,1369106,954,8,8
580,1,1369230,955,8,8
580,1,1369348,956,8,8
580,1,1369473,957,8,8
578,1,1380870,197,5,5
578,1,1380910,198,5,5
580,1,1369589,958,8,8
578,1,1381026,199,5,5
580,1,1369714,959,8,8
578,1,1381136,200,5,5
580,1,1369831,960,8,8
578,1,1381245,201,5,5
580,1,1369952,961,8,8
578,1,1381355,202,5,5
580,1,1370073,962,8,8
578,1,1381469,203,5,5
581,1,1369534,354,5,5
580,1,1370186,963,8,8
578,1,1381582,204,5,5
581,1,1369658,355,5,5
580,1,1370307,964,8,8
578,1,1381692,205,5,5
581,1,1369807,356,5,5
580,1,1370428,965,8,8
578,1,1381814,206,5,5
581,1,1369907,357,5,5
578,1,1381923,207,5,5
580,1,1370545,966,8,8
578,1,1382040,208,5,5
580,1,1370661,967,8,8
578,1,1382158,209,5,5
580,1,1370782,968,8,8
578,1,1382276,210,5,5
580,1,1370904,969,8,8
578,1,1382385,211,5,5
580,1,1371020,970,8,8
578,1,1382495,212,5,5
580,1,1371133,971,8,8
578,1,1382612,213,5,5
580,1,1371243,972,8,8
578,1,1382726,214,5,5
580,1,1371371,973,8,8
578,1,1382847,215,5,5
580,1,1371485,974,8,8
578,1,1382969,216,5,5
580,1,1371601,975,8,8
578,1,1383087,217,5,5
580,1,1371726,976,8,8
578,1,1383212,218,5,5
580,1,1371858,977,8,8
578,1,1383324,219,5,5
580,1,1371984,978,8,8
578,1,1383443,220,5,5
580,1,1372105,979,8,8
578,1,1383561,221,5,5
580,1,1372225,980,8,8
578,1,1383673,222,5,5
580,1,1372343,981,8,8
578,1,1383795,223,5,5
580,1,1372464,982,8,8
578,1,1383920,224,5,5
580,1,1372584,983,8,8
578,1,1384034,225,5,5
580,1,1372721,984,8,8
578,1,1384155,226,5,5
580,1,1372846,985,8,8
578,1,1384276,227,5,5
580,1,1372958,986,8,8
578,1,1384390,228,5,5
580,1,1373087,987,8,8
578,1,1384515,229,5,5
580,1,1373201,988,8,8
578,1,1384641,230,5,5
580,1,1373318,989,8,8
578,1,1384766,231,5,5
580,1,1373443,990,8,8
578,1,1384883,232,5,5
580,1,1373563,991,8,8
578,1,1385013,233,5,5
580,1,1373684,992,8,8
578,1,1385138,234,5,5
580,1,1373809,993,8,8
578,1,1385255,235,5,5
580,1,1373938,994,8,8
578,1,1385380,236,5,5
580,1,1374063,995,8,8
578,1,1385506,237,5,5
580,1,1374187,996,8,8
578,1,1385627,238,5,5
580,1,1374316,997,8,8
578,1,1385745,239,5,5
580,1,1374441,998,8,8
578,1,1385870,240,5,5
580,1,1374569,999,8,8
578,1,1385988,241,5,5
580,1,1374702,1000,8,8
578,1,1386113,242,5,5
580,1,1374846,1001,8,8
578,1,1386242,243,5,5
580,1,1374967,1002,8,8
580,1,1375080,1003,8,8
580,1,1375205,1004,8,8
580,1,1375334,1005,8,8
580,1,1375458,1006,8,8
580,1,1375591,1007,8,8
580,1,1375720,1008,8,8
580,1,1375837,1009,8,8
580,1,1375977,1010,8,8
580,1,1376102,1011,8,8
580,1,1376231,1012,8,8
580,1,1376352,1013,8,8
580,1,1376477,1014,8,8
580,1,1376605,1015,8,8
580,1,1376727,1016,8,8
580,1,1376855,1017,8,8
580,1,1376984,1018,8,8
580,1,1377108,1019,8,8
580,1,1377228,1020,8,8
580,1,1377366,1021,8,8
580,1,1377490,1022,8,8
580,1,1377627,1023,8,8
580,1,1377752,1024,8,8
580,1,1377881,1025,8,8
580,1,1378006,1026,8,8
580,1,1378145,1027,8,8
580,1,1378278,1028,8,8
580,1,1378414,1029,8,8
580,1,1378551,1030,8,8
580,1,1378699,1031,8,8
580,1,1378836,1032,8,8
580,1,1378976,1033,8,8
580,1,1379117,1034,8,8
580,1,1379268,1035,8,8
580,1,1379405,1036,8,8
580,1,1379533,1037,8,8
580,1,1379686,1038,8,8
580,1,1379818,1039,8,8
580,1,1379975,1040,8,8
580,1,1380115,1041,8,8
580,1,1380255,1042,8,8
580,1,1380411,1043,8,8
580,1,1380540,1044,8,8
580,1,1380684,1045,8,8
580,1,1380836,1046,8,8
580,1,1380997,1047,8,8
580,1,1381141,1048,8,8
580,1,1381281,1049,8,8
580,1,1381437,1050,8,8
580,1,1381608,1051,8,8
580,1,1381765,1052,8,8
580,1,1381905,1053,8,8
580,1,1382053,1054,8,8
580,1,1382217,1055,8,8
580,1,1382381,1056,8,8
580,1,1382521,1057,8,8
580,1,1382681,1058,8,8
580,1,1382852,1059,8,8
580,1,1382981,1060,8,8
580,1,1383141,1061,8,8
580,1,1383274,1062,8,8
580,1,1383441,1063,8,8
580,1,1383589,1064,8,8
580,1,1383734,1065,8,8
578,0,1408796,103,2,2
578,0,1408910,104,2,2
578,0,1409032,105,2,2
578,0,1409141,106,2,2
580,1,1397879,1066,8,8
580,1,1397996,1067,8,8
578,0,1409626,107,2,2
578,0,1409732,108,2,2
578,0,1409850,109,2,2
578,0,1409975,110,2,2
578,0,1410092,111,2,2
578,0,1410241,112,2,2
578,0,1410390,113,2,2
578,0,1410507,114,2,2
581,0,1405177,23,0,0
581,0,1405579,24,0,0
578,1,1417654,244,5,5
581,0,1405704,25,0,0
578,1,1417755,245,5,5
578,1,1417857,246,5,5
578,1,1417947,247,5,5
578,1,1418041,248,5,5
578,1,1418150,249,5,5
578,1,1418253,250,5,5
581,0,1406283,26,0,0
578,1,1418358,251,5,5
581,0,1406424,27,0,0
578,1,1418475,252,5,5
578,1,1418585,253,5,5
581,0,1406637,28,0,0
578,1,1418698,254,5,5
578,1,1418805,255,5,5
581,0,1406866,29,0,0
578,1,1418914,256,5,5
578,1,1419027,257,5,5
578,1,1419129,258,5,5
581,0,1407171,30,0,0
578,1,1419247,259,5,5
578,1,1419361,260,5,5
581,0,1407352,31,0,0
578,1,1419486,261,5,5
578,1,1419587,262,5,5
581,0,1407730,32,0,0
581,0,1407836,33,0,0
578,1,1419866,263,5,5
578,1,1420006,264,5,5
578,1,1420132,265,5,5
581,0,1408141,34,0,0
578,1,1420244,266,5,5
578,1,1420382,267,5,5
578,1,1420499,268,5,5
581,0,1408579,35,0,0
578,1,1420621,269,5,5
581,0,1408660,36,0,0
578,1,1420738,270,5,5
578,1,1420856,271,5,5
581,0,1408857,37,0,0
578,1,1420989,272,5,5
581,0,1409050,38,0,0
578,1,1421099,273,5,5
581,0,1409311,39,0,0
578,1,1421377,274,5,5
581,0,1409472,40,0,0
578,1,1421502,275,5,5
579,0,1417480,454,5,5
579,0,1417595,455,5,5
579,0,1417726,456,5,5
579,0,1417895,457,5,5
579,0,1418047,458,5,5
579,0,1418228,459,5,5
579,0,1418414,460,5,5
579,0,1418630,461,5,5
579,0,1418765,462,5,5
579,0,1418822,463,5,5
579,0,1419101,464,5,5
579,0,1419251,465,5,5
579,0,1419456,466,5,5
579,0,1419621,467,5,5
579,0,1419810,468,5,5
578,1,1427517,276,5,5
578,1,1427631,277,5,5
578,1,1427751,278,5,5
580,1,1421581,1068,8,8
580,1,1421678,1069,8,8
580,1,1421779,1070,8,8
580,1,1421877,1071,8,8
580,1,1422002,1072,8,8
580,1,1422131,1073,8,8
580,1,1422243,1074,8,8
580,1,1422368,1075,8,8
580,1,1422496,1076,8,8
580,1,1422645,1077,8,8
580,1,1422790,1078,8,8
580,1,1423106,1079,8,8
580,1,1423261,1080,8,8
580,1,1423406,1081,8,8
580,1,1423546,1082,8,8
580,0,1472623,106,1,1
580,0,1472740,107,1,1
580,0,1472830,108,1,1
580,0,1472930,109,1,1
580,0,1473032,110,1,1
580,0,1473141,111,1,1
580,0,1473254,112,1,1
580,0,1473372,113,1,1
580,0,1473527,114,1,1
580,0,1473656,115,1,1
580,0,1473805,116,1,1
580,0,1473922,117,1,1
580,0,1474023,118,1,1
580,0,1474132,119,1,1
580,0,1474260,120,1,1
580,0,1474370,121,1,1
580,0,1474476,122,1,1
580,0,1474588,123,1,1
580,0,1474706,124,1,1
580,0,1474819,125,1,1
580,0,1474931,126,1,1
580,0,1475049,127,1,1
580,0,1475162,128,1,1
580,0,1475275,129,1,1
580,0,1475400,130,1,1
580,0,1475513,131,1,1
580,0,1475642,132,1,1
580,0,1475789,133,1,1
580,0,1475938,134,1,1
580,0,1476071,135,1,1
580,0,1476224,136,1,1
580,0,1476329,137,1,1
580,0,1476449,138,1,1
580,0,1476597,139,1,1
580,0,1476722,140,1,1
580,0,1476858,141,1,1
580,0,1477018,142,1,1
580,0,1477143,143,1,1
580,0,1477276,144,1,1
580,0,1477397,145,1,1
580,0,1477529,146,1,1
580,0,1477666,147,1,1
580,0,1477822,148,1,1
580,0,1477959,149,1,1
580,0,1478098,150,1,1
580,0,1478240,151,1,1
580,0,1478365,152,1,1
580,0,1478494,153,1,1
580,0,1478630,154,1,1
580,0,1478766,155,1,1
580,0,1478915,156,1,1
580,0,1479078,157,1,1
580,0,1479215,158,1,1
580,0,1479363,159,1,1
580,0,1479519,160,1,1
580,0,1479659,161,1,1
581,1,1479283,358,5,5
580,0,1479796,162,1,1
581,1,1479372,359,5,5
581,1,1479464,360,5,5
581,1,1479562,361,5,5
580,0,1480084,163,1,1
581,1,1479666,362,5,5
580,0,1480221,164,1,1
581,1,1479767,363,5,5
581,1,1479871,364,5,5
581,1,1479975,365,5,5
581,1,1480084,366,5,5
581,1,1480205,367,5,5
581,1,1480326,368,5,5
581,1,1480455,369,5,5
581,1,1480587,370,5,5
581,1,1480712,371,5,5
581,1,1480837,372,5,5
581,1,1480993,373,5,5
581,1,1481734,374,5,5
581,1,1481850,375,5,5
581,1,1481987,376,5,5
581,1,1482107,377,5,5
581,1,1482244,378,5,5
580,0,1483665,165,1,1
581,1,1484304,379,5,5
581,1,1484425,380,5,5
581,1,1484546,381,5,5
581,1,1484662,382,5,5
578,0,1502926,-1,False,True
578,0,1502929,-1,False,True
578,0,1502940,-1,False,True
578,0,1502948,-1,False,True
578,0,1502957,-1,False,True
578,0,1502965,-1,False,True
578,0,1502974,-1,False,True
578,0,1502983,-1,False,True
578,0,1502992,-1,False,False
578,0,1503000,-1,False,False
578,0,1503010,-1,False,False
578,0,1503019,-1,False,False
578,0,1503028,-1,False,False
578,0,1503036,-1,False,False
578,0,1503046,-1,False,False
578,0,1503054,-1,False,False
578,0,1503064,-1,False,False
578,0,1503072,-1,False,False
578,0,1503082,-1,False,False
578,0,1503090,-1,False,False
578,0,1503099,-1,False,False
578,0,1503108,-1,False,False
578,0,1503117,-1,False,False
578,0,1503125,-1,False,False
578,0,1503135,-1,False,False
578,0,1503143,-1,False,False
578,0,1503153,-1,False,False
578,0,1503161,-1,False,False
578,0,1503171,-1,False,False
578,0,1503179,-1,False,False
578,0,1503188,-1,False,False
578,0,1503197,-1,False,False
578,0,1503207,-1,False,False
578,0,1503215,-1,False,False
578,0,1503224,-1,False,False
578,0,1503233,-1,False,False
578,0,1503242,-1,False,False
578,0,1503251,-1,False,False
578,0,1503260,-1,False,False
578,0,1503268,-1,False,False
578,0,1503278,-1,False,False
578,0,1503286,-1,False,False
578,0,1503296,-1,False,False
578,1,1507059,279,5,5
578,1,1507165,280,5,5
578,1,1507295,281,5,5
580,1,1495681,1083,8,8
578,1,1507408,282,5,5
580,1,1495766,1084,8,8
580,1,1495903,1085,8,8
580,1,1496031,1086,8,8
580,1,1496153,1087,8,8
580,1,1496281,1088,8,8
580,1,1496429,1089,8,8
580,1,1496573,1090,8,8
580,1,1496737,1091,8,8
580,1,1496870,1092,8,8
580,1,1496998,1093,8,8
580,1,1497120,1094,8,8
580,1,1497264,1095,8,8
580,1,1497412,1096,8,8
578,1,1509118,283,6,6
578,1,1509166,284,6,6
580,1,1497541,1097,8,8
578,1,1509276,285,6,6
580,1,1497658,1098,8,8
578,1,1509397,286,6,6
580,1,1497794,1099,8,8
578,1,1509511,287,6,6
580,1,1497931,1100,8,8
578,1,1509633,288,6,6
580,1,1498067,1101,8,8
578,1,1509746,289,6,6
578,1,1509875,290,6,6
580,1,1498263,1102,8,8
578,1,1509988,291,6,6
580,1,1498376,1103,8,8
578,1,1510098,292,6,6
580,1,1498512,1104,8,8
578,1,1510208,293,6,6
580,1,1498645,1105,8,8
578,1,1510325,294,6,6
578,1,1510447,295,6,6
580,1,1498797,1106,8,8
578,1,1510560,296,6,6
580,1,1498937,1107,8,8
578,1,1510682,297,6,6
580,1,1499081,1108,8,8
578,1,1510799,298,6,6
580,1,1499230,1109,8,8
578,1,1510917,299,6,6
580,1,1499378,1110,8,8
578,1,1511046,300,6,6
578,1,1511159,301,6,6
580,1,1499518,1111,8,8
578,1,1511281,302,6,6
580,1,1499717,1112,8,8
578,1,1511410,303,6,6
580,1,1499862,1113,8,8
578,1,1511535,304,6,6
578,1,1511661,305,6,6
580,1,1500013,1114,8,8
578,1,1511782,306,6,6
580,1,1500178,1115,8,8
578,1,1511907,307,6,6
580,1,1500329,1116,8,8
578,1,1512029,308,6,6
578,1,1512150,309,6,6
578,1,1512271,310,6,6
578,1,1512413,311,6,6
578,1,1512529,312,6,6
578,1,1512650,313,6,6
578,1,1512768,314,6,6
578,1,1512890,315,6,6
578,1,1513015,316,6,6
578,1,1513133,317,6,6
578,1,1513266,318,6,6
578,1,1513387,319,6,6
578,1,1513512,320,6,6
580,1,1501921,1117,8,8
578,1,1513645,321,6,6
578,1,1513751,322,6,6
578,1,1513872,323,6,6
578,1,1513994,324,6,6
578,1,1514116,325,6,6
578,1,1514249,326,6,6
578,1,1514385,327,6,6
578,1,1514514,328,6,6
578,1,1521111,329,6,6
578,1,1521227,330,6,6
578,1,1521326,331,6,6
578,1,1521439,332,6,6
578,1,1521541,333,6,6
578,1,1521658,334,6,6
578,1,1521760,335,6,6
578,1,1521858,336,6,6
578,1,1521968,337,6,6
578,1,1522081,338,6,6
578,1,1522191,339,6,6
578,1,1522296,340,6,6
578,1,1522417,341,6,6
578,1,1522535,342,6,6
578,1,1522653,343,6,6
578,1,1522778,344,6,6
578,1,1522884,345,6,6
581,1,1514927,383,5,5
578,1,1535776,346,6,6
578,1,1535886,347,6,6
578,1,1535994,348,6,6
578,1,1536097,349,6,6
578,1,1536187,350,6,6
578,1,1536300,351,6,6
578,1,1536437,352,6,6
578,1,1536550,353,6,6
578,1,1536672,354,6,6
578,1,1536793,355,6,6
581,1,1538202,384,5,5
578,1,1552970,356,6,6
578,1,1553095,357,6,6
578,1,1553201,358,6,6
578,1,1553295,359,6,6
580,1,1553094,1118,8,8
580,0,1561666,-1,False,True
580,0,1561669,-1,False,True
580,0,1561679,-1,False,True
580,0,1561687,-1,False,True
580,0,1561697,-1,False,True
580,0,1561705,-1,False,True
580,0,1561714,-1,False,True
580,0,1561722,-1,False,True
580,0,1561732,-1,False,False
580,0,1561740,-1,False,False
580,0,1561750,-1,False,False
580,0,1561758,-1,False,False
580,0,1561767,-1,False,False
580,0,1561776,-1,False,False
580,0,1561786,-1,False,False
580,0,1561794,-1,False,False
580,0,1561803,-1,False,False
580,0,1561811,-1,False,False
580,0,1561821,-1,False,False
580,0,1561830,-1,False,False
580,0,1561839,-1,False,False
580,0,1561847,-1,False,False
580,0,1561857,-1,False,False
580,0,1561865,-1,False,False
580,0,1561875,-1,False,False
580,0,1561883,-1,False,False
580,0,1561892,-1,False,False
580,0,1561901,-1,False,False
580,0,1561911,-1,False,False
580,0,1561919,-1,False,False
580,0,1561928,-1,False,False
580,0,1561936,-1,False,False
580,0,1561946,-1,False,False
580,0,1561955,-1,False,False
580,0,1561964,-1,False,False
580,0,1561972,-1,False,False
580,0,1561981,-1,False,False
580,0,1561990,-1,False,False
580,0,1562000,-1,False,False
580,0,1562008,-1,False,False
580,0,1562017,-1,False,False
580,0,1562025,-1,False,False
580,0,1562036,-1,False,False
580,0,1562044,-1,False,False
580,0,1562053,-1,False,False
580,0,1562061,-1,False,False
580,0,1562071,-1,False,False
580,0,1562080,-1,False,False
580,0,1562089,-1,False,False
580,0,1562097,-1,False,False
580,0,1562106,-1,False,False
580,0,1562115,-1,False,False
580,0,1562125,-1,False,False
580,0,1562133,-1,False,False
580,0,1562142,-1,False,False
580,0,1562150,-1,False,False
580,0,1562161,-1,False,False
580,0,1562169,-1,False,False
580,0,1562178,-1,False,False
580,0,1562186,-1,False,False
580,0,1562196,-1,False,False
580,0,1562205,-1,False,False
580,0,1562214,-1,False,False
580,0,1562222,-1,False,False
580,0,1562231,-1,False,False
580,0,1562240,-1,False,False
580,0,1562250,-1,False,False
580,0,1562258,-1,False,False
580,0,1562267,-1,False,False
580,0,1562275,-1,False,False
580,0,1562286,-1,False,False
580,0,1562294,-1,False,False
580,0,1562303,-1,False,False
580,0,1562311,-1,False,False
580,0,1562321,-1,False,False
580,0,1562330,-1,False,False
580,0,1562339,-1,False,False
580,0,1562347,-1,False,False
580,0,1562356,-1,False,False
580,0,1562364,-1,False,False
580,0,1562375,-1,False,False
580,0,1562383,-1,False,False
580,0,1562392,-1,False,False
580,0,1562400,-1,False,False
580,0,1562411,-1,False,False
580,0,1562419,-1,False,False
580,0,1562428,-1,False,False
580,0,1562436,-1,False,False
580,0,1562446,-1,False,False
580,0,1562455,-1,False,False
580,0,1562464,-1,False,False
580,0,1562484,-1,False,False
580,0,1562487,-1,False,False
580,0,1562497,-1,False,False
580,0,1562506,-1,False,False
580,0,1562515,-1,False,False
580,0,1562523,-1,False,False
580,0,1562532,-1,False,False
580,0,1562541,-1,False,False
580,0,1562551,-1,False,False
580,0,1562559,-1,False,False
580,0,1562568,-1,False,False
580,0,1562576,-1,False,False
580,0,1578396,166,1,1
580,0,1578502,167,1,1
580,0,1578638,168,1,1
580,0,1578779,169,1,1
580,0,1580488,170,2,2
580,0,1580538,171,2,2
580,0,1580683,172,2,2
580,0,1580808,173,2,2
580,0,1580952,174,2,2
580,0,1581108,175,2,2
580,0,1581187,176,2,2
580,0,1581319,177,2,2
580,0,1581452,178,2,2
580,0,1581573,179,2,2
580,0,1581681,180,2,2
580,0,1581818,181,2,2
580,0,1581935,182,2,2
580,0,1582064,183,2,2
580,0,1582212,184,2,2
580,0,1582321,185,2,2
580,0,1582453,186,2,2
580,0,1582586,187,2,2
580,0,1582718,188,2,2
580,0,1582843,189,2,2
580,0,1582988,190,2,2
580,0,1583140,191,2,2
580,0,1583265,192,2,2
580,0,1583398,193,2,2
580,0,1583546,194,2,2
580,0,1583667,195,2,2
580,0,1583784,196,2,2
580,0,1583932,197,2,2
580,0,1584100,198,2,2
580,0,1584240,199,2,2
580,0,1584369,200,2,2
580,0,1584509,201,2,2
580,0,1584662,202,2,2
580,0,1584818,203,2,2
580,0,1584954,204,2,2
580,0,1585091,205,2,2
580,0,1585223,206,2,2
580,0,1585372,207,2,2
580,0,1585528,208,2,2
580,0,1585672,209,2,2
580,0,1585805,210,2,2
580,0,1585953,211,2,2
580,0,1586113,212,2,2
580,0,1586246,213,2,2
580,0,1586391,214,2,2
580,0,1586538,215,2,2
580,0,1586713,216,2,2
580,0,1586819,217,2,2
580,0,1586959,218,2,2
580,0,1587096,219,2,2
580,0,1587240,220,2,2
580,0,1587374,221,2,2
580,0,1587518,222,2,2
580,0,1587670,223,2,2
580,0,1587829,224,2,2
580,0,1587950,225,2,2
580,0,1588091,226,2,2
580,0,1588232,227,2,2
580,0,1588383,228,2,2
580,0,1588532,229,2,2
580,0,1588683,230,2,2
580,0,1588843,231,2,2
578,0,1625113,115,2,2
578,0,1625673,116,2,2
578,0,1625787,117,2,2
578,0,1625908,118,2,2
578,0,1626037,119,2,2
578,0,1626181,120,2,2
578,0,1626593,121,2,2
581,1,1619661,385,5,5
581,1,1619778,386,5,5
581,1,1619866,387,5,5
581,1,1619972,388,5,5
581,1,1620091,389,5,5
581,1,1620237,390,5,5
581,1,1620333,391,5,5
581,1,1620458,392,5,5
581,1,1620590,393,5,5
580,1,1625819,1119,8,8
580,1,1625940,1120,8,8
580,1,1626046,1121,8,8
580,1,1626163,1122,8,8
580,1,1626271,1123,8,8
580,1,1626389,1124,8,8
580,1,1626510,1125,8,8
580,1,1626634,1126,8,8
580,1,1626760,1127,8,8
580,1,1626896,1128,8,8
580,1,1627029,1129,8,8
580,1,1627169,1130,8,8
580,1,1627318,1131,8,8
580,1,1627450,1132,8,8
580,1,1627735,1133,8,8
580,1,1627875,1134,8,8
580,1,1628012,1135,8,8
580,1,1628944,1136,8,8
580,1,1629057,1137,8,8
580,1,1629229,1138,8,8
581,0,1648740,-1,False,True
581,0,1648744,-1,False,True
581,0,1648753,-1,False,True
581,0,1648761,-1,False,True
581,0,1648771,-1,False,True
581,0,1648779,-1,False,True
581,0,1648789,-1,False,True
581,0,1648797,-1,False,True
581,0,1648806,-1,False,False
581,0,1648815,-1,False,False
581,0,1648824,-1,False,False
581,0,1648832,-1,False,False
581,0,1648842,-1,False,False
581,0,1648850,-1,False,False
581,0,1648860,-1,False,False
581,0,1648868,-1,False,False
581,0,1648878,-1,False,False
581,0,1648886,-1,False,False
581,0,1648896,-1,False,False
581,0,1648904,-1,False,False
581,0,1648914,-1,False,False
581,0,1648922,-1,False,False
581,0,1648931,-1,False,False
581,0,1648940,-1,False,False
581,0,1648949,-1,False,False
581,0,1648957,-1,False,False
581,0,1648967,-1,False,False
581,0,1648975,-1,False,False
581,0,1648985,-1,False,False
581,0,1648993,-1,False,False
581,0,1649003,-1,False,False
581,0,1649011,-1,False,False
581,0,1649020,-1,False,False
581,0,1649029,-1,False,False
581,0,1649039,-1,False,False
581,0,1649047,-1,False,False
581,0,1649056,-1,False,False
581,0,1649064,-1,False,False
581,0,1649074,-1,False,False
581,0,1649082,-1,False,False
581,0,1649092,-1,False,False
581,0,1649100,-1,False,False
581,0,1649110,-1,False,False
581,0,1649118,-1,False,False
581,0,1649128,-1,False,False
581,0,1649136,-1,False,False
581,0,1649145,-1,False,False
581,0,1649154,-1,False,False
581,0,1649164,-1,False,False
581,0,1649172,-1,False,False
581,0,1649181,-1,False,False
581,0,1649189,-1,False,False
581,0,1649199,-1,False,False
581,0,1649208,-1,False,False
581,0,1649217,-1,False,False
581,0,1649225,-1,False,False
581,0,1649234,-1,False,False
581,0,1649243,-1,False,False
581,0,1649253,-1,False,False
581,0,1649261,-1,False,False
581,0,1649270,-1,False,False
581,0,1649278,-1,False,False
579,0,1654933,469,5,5
579,0,1655068,470,5,5
579,0,1655231,471,5,5
579,0,1655408,472,5,5
579,0,1655589,473,5,5
579,0,1655775,474,5,5
579,0,1655948,475,5,5
579,0,1656141,476,5,5
579,0,1656342,477,5,5
578,0,1664709,-1,False,True
578,0,1664713,-1,False,True
578,0,1664722,-1,False,True
578,0,1664731,-1,False,True
578,0,1664740,-1,False,True
578,0,1664748,-1,False,True
578,0,1664757,-1,False,True
578,0,1664765,-1,False,True
578,0,1664776,-1,False,False
578,0,1664784,-1,False,False
578,0,1664793,-1,False,False
578,0,1664801,-1,False,False
578,0,1664812,-1,False,False
578,0,1664820,-1,False,False
578,0,1664829,-1,False,False
578,0,1664837,-1,False,False
578,0,1664846,-1,False,False
578,0,1664856,-1,False,False
578,0,1664865,-1,False,False
578,0,1664873,-1,False,False
578,0,1664882,-1,False,False
578,0,1664890,-1,False,False
578,0,1664901,-1,False,False
578,0,1664909,-1,False,False
578,0,1664918,-1,False,False
578,0,1664926,-1,False,False
578,0,1664936,-1,False,False
578,0,1664945,-1,False,False
578,0,1664954,-1,False,False
578,0,1664962,-1,False,False
578,0,1664972,-1,False,False
578,0,1664980,-1,False,False
578,0,1664990,-1,False,False
578,0,1664998,-1,False,False
578,0,1665007,-1,False,False
578,0,1665015,-1,False,False
578,0,1665026,-1,False,False
578,0,1665034,-1,False,False
578,0,1665043,-1,False,False
581,0,1653491,41,0,0
581,0,1653692,42,0,0
580,0,1666259,232,2,2
580,0,1666400,233,2,2
580,0,1666541,234,2,2
580,0,1666697,235,2,2
580,0,1666806,236,2,2
580,0,1666919,237,2,2
580,0,1667033,238,2,2
580,0,1667149,239,2,2
580,0,1667270,240,2,2
580,0,1667388,241,2,2
580,0,1667505,242,2,2
580,0,1667645,243,2,2
580,0,1667755,244,2,2
580,0,1667895,245,2,2
580,0,1668027,246,2,2
580,0,1668152,247,2,2
580,0,1668277,248,2,2
580,0,1668389,249,2,2
580,0,1668518,250,2,2
580,0,1668659,251,2,2
580,0,1668784,252,2,2
580,0,1668893,253,2,2
580,0,1669010,254,2,2
578,0,1681135,122,2,2
580,0,1669131,255,2,2
578,0,1681268,123,2,2
580,0,1669264,256,2,2
578,0,1681378,124,2,2
580,0,1669404,257,2,2
578,0,1681483,125,2,2
580,0,1669525,258,2,2
580,0,1669657,259,2,2
580,0,1669810,260,2,2
580,0,1669935,261,2,2
580,0,1670060,262,2,2
580,0,1670200,263,2,2
580,0,1670355,264,2,2
580,0,1670489,265,2,2
580,0,1670629,266,2,2
580,0,1670781,267,2,2
580,0,1670918,268,2,2
580,0,1671062,269,2,2
578,0,1683197,126,3,3
578,0,1683214,127,3,3
580,0,1671214,270,2,2
578,0,1683336,128,3,3
580,0,1671362,271,2,2
578,0,1683457,129,3,3
580,0,1671506,272,2,2
578,0,1683577,130,3,3
580,0,1671655,273,2,2
578,0,1683695,131,3,3
578,0,1683820,132,3,3
580,0,1671799,274,2,2
578,0,1683949,133,3,3
578,0,1684071,134,3,3
580,0,1672099,275,2,2
578,0,1684193,135,3,3
578,0,1684305,136,3,3
578,0,1684431,137,3,3
578,0,1684674,138,3,3
578,0,1684792,139,3,3
578,0,1684910,140,3,3
578,0,1685030,141,3,3
578,0,1685148,142,3,3
578,0,1685273,143,3,3
578,0,1685394,144,3,3
578,0,1685524,145,3,3
578,0,1685649,146,3,3
578,0,1685778,147,3,3
578,0,1685903,148,3,3
578,0,1686033,149,3,3
578,0,1686158,150,3,3
578,0,1686288,151,3,3
578,0,1686420,152,3,3
578,0,1686553,153,3,3
578,0,1686686,154,3,3
578,0,1686816,155,3,3
578,0,1686952,156,3,3
578,0,1687087,157,3,3
578,0,1687223,158,3,3
578,0,1687360,159,3,3
578,0,1687494,160,3,3
578,0,1687626,161,3,3
578,0,1687768,162,3,3
578,0,1687937,163,3,3
578,0,1688077,164,3,3
578,0,1688210,165,3,3
578,0,1688343,166,3,3
578,0,1688472,167,3,3
578,0,1688613,168,3,3
578,0,1688754,169,3,3
578,0,1688888,170,3,3
578,0,1689032,171,3,3
578,0,1689185,172,3,3
578,0,1689338,173,3,3
581,1,1683792,394,5,5
581,1,1683900,395,5,5
581,1,1684014,396,5,5
581,1,1684110,397,5,5
580,1,1684661,1139,8,8
581,1,1685808,398,6,6
580,1,1686940,1140,8,8
580,1,1687045,1141,8,8
580,1,1687208,1142,8,8
580,1,1687404,1143,8,8
580,1,1687576,1144,8,8
578,1,1700917,360,6,6
578,0,1705496,174,3,3
578,0,1705583,175,3,3
578,0,1705669,176,3,3
578,0,1705771,177,3,3
578,0,1705873,178,3,3
578,0,1705978,179,3,3
578,0,1706088,180,3,3
578,0,1706201,181,3,3
578,0,1706311,182,3,3
578,0,1706428,183,3,3
578,0,1706550,184,3,3
578,0,1706668,185,3,3
578,0,1706788,186,3,3
578,0,1706933,187,3,3
578,0,1707059,188,3,3
578,0,1707188,189,3,3
578,0,1707314,190,3,3
578,0,1707607,191,3,3
578,0,1707755,192,3,3
578,0,1707881,193,3,3
578,0,1708014,194,3,3
578,0,1708147,195,3,3
581,1,1701592,399,6,6
581,1,1701809,400,6,6
581,1,1701937,401,6,6
581,1,1702038,402,6,6
581,1,1702134,403,6,6
581,1,1702239,404,6,6
581,1,1702364,405,6,6
581,1,1702630,406,6,6
581,1,1702746,407,6,6
581,1,1702891,408,6,6
581,1,1703048,409,6,6
581,1,1703196,410,6,6
581,1,1703329,411,6,6
581,1,1703478,412,6,6
581,1,1703651,413,6,6
581,1,1703795,414,6,6
581,1,1703957,415,6,6
581,1,1704094,416,6,6
581,1,1704412,417,6,6
581,1,1704556,418,6,6
581,1,1704729,419,6,6
581,1,1704850,420,6,6
581,1,1706637,421,6,6
581,1,1706890,422,6,6
581,1,1707034,423,6,6
581,1,1707188,424,6,6
581,1,1707348,425,6,6
581,1,1711807,426,6,6
581,1,1711916,427,6,6
581,1,1712044,428,6,6
581,1,1712164,429,6,6
581,1,1712314,430,6,6
580,0,1712517,-1,True,False
580,0,1712521,-1,True,False
580,0,1712530,-1,True,False
580,0,1712538,-1,True,False
580,0,1712547,-1,True,False
580,0,1712556,-1,True,False
580,0,1712566,-1,True,False
580,0,1712574,-1,True,False
580,0,1712583,-1,True,False
580,0,1712591,-1,False,False
580,0,1712601,-1,False,False
580,0,1712609,-1,False,False
580,0,1712619,-1,False,False
580,0,1712627,-1,False,False
580,0,1712636,-1,False,False
580,0,1712645,-1,False,False
580,0,1712654,-1,False,False
580,0,1712663,-1,False,False
580,0,1712672,-1,False,False
580,0,1712680,-1,False,False
580,0,1712690,-1,False,False
580,0,1712698,-1,False,False
580,0,1712708,-1,False,False
580,0,1712716,-1,False,False
580,0,1712726,-1,False,False
580,0,1712734,-1,False,False
580,0,1712744,-1,False,False
580,0,1712752,-1,False,False
580,0,1712761,-1,False,False
580,0,1712770,-1,False,False
580,0,1712779,-1,False,False
580,0,1712788,-1,False,False
580,0,1712797,-1,False,False
580,0,1712805,-1,False,False
580,0,1712815,-1,False,False
580,0,1712823,-1,False,False
580,0,1712833,-1,False,False
580,0,1712841,-1,False,False
580,0,1712850,-1,False,False
580,0,1712859,-1,False,False
580,0,1712869,-1,False,False
580,0,1712877,-1,False,False
580,0,1712886,-1,False,False
580,0,1712894,-1,False,False
580,0,1712904,-1,False,False
580,0,1712913,-1,False,False
580,0,1712922,-1,False,False
580,0,1712930,-1,False,False
580,0,1712940,-1,False,False
580,0,1712948,-1,False,False
580,0,1712958,-1,False,False
580,0,1712966,-1,False,False
580,0,1712975,-1,False,False
580,0,1712984,-1,False,False
580,0,1712994,-1,False,False
580,0,1713002,-1,False,False
580,0,1713011,-1,False,False
580,0,1713019,-1,False,False
580,0,1713030,-1,False,False
580,0,1713038,-1,False,False
580,0,1713047,-1,False,False
580,0,1713055,-1,False,False
580,0,1713064,-1,False,False
580,0,1713073,-1,False,False
580,0,1713083,-1,False,False
580,0,1713091,-1,False,False
580,0,1713100,-1,False,False
580,0,1713108,-1,False,False
580,0,1713119,-1,False,False
580,0,1713127,-1,False,False
580,0,1713136,-1,False,False
580,0,1713144,-1,False,False
580,0,1713155,-1,False,False
580,0,1713163,-1,False,False
580,0,1713172,-1,False,False
580,0,1713180,-1,False,False
580,0,1713189,-1,False,False
580,0,1713198,-1,False,False
580,0,1713208,-1,False,False
580,0,1713216,-1,False,False
580,0,1713225,-1,False,False
580,0,1713233,-1,False,False
580,0,1713244,-1,False,False
580,0,1713252,-1,False,False
580,0,1713261,-1,False,False
580,0,1713269,-1,False,False
580,0,1713280,-1,False,False
578,0,1728478,196,3,3
578,0,1728588,197,3,3
578,0,1728713,198,3,3
578,0,1728812,199,3,3
578,0,1728928,200,3,3
578,0,1729054,201,3,3
578,0,1729187,202,3,3
578,0,1729301,203,3,3
578,0,1729414,204,3,3
578,0,1729531,205,3,3
578,0,1729660,206,3,3
578,0,1729782,207,3,3
578,0,1729903,208,3,3
578,0,1730017,209,3,3
578,0,1730142,210,3,3
578,0,1730272,211,3,3
578,0,1730397,212,3,3
578,0,1730522,213,3,3
578,0,1730648,214,3,3
578,0,1730792,215,3,3
578,0,1730929,216,3,3
578,0,1731058,217,3,3
578,0,1731195,218,3,3
578,0,1731324,219,3,3
578,0,1731458,220,3,3
578,0,1731594,221,3,3
578,0,1731731,222,3,3
578,0,1731872,223,3,3
578,0,1732064,224,3,3
578,0,1732384,225,3,3
578,0,1732487,226,3,3
578,0,1732933,227,3,3
578,0,1733101,228,3,3
580,1,1729179,1145,8,8
580,1,1729300,1146,8,8
580,1,1729484,1147,8,8
580,1,1730065,1148,8,8
580,1,1731743,1149,9,9
580,1,1731848,1150,9,9
580,1,1731988,1151,9,9
580,1,1732089,1152,9,9
580,1,1732227,1153,9,9
580,1,1732389,1154,9,9
580,1,1733135,1155,9,9
580,1,1733233,1156,9,9
580,1,1733361,1157,9,9
580,1,1733467,1158,9,9
580,1,1733576,1159,9,9
580,1,1733681,1160,9,9
580,1,1733787,1161,9,9
580,1,1733896,1162,9,9
580,1,1734004,1163,9,9
580,1,1734118,1164,9,9
580,1,1734231,1165,9,9
580,1,1734348,1166,9,9
580,1,1734469,1167,9,9
580,1,1734586,1168,9,9
580,1,1734703,1169,9,9
580,1,1734816,1170,9,9
580,1,1734941,1171,9,9
580,1,1735066,1172,9,9
580,1,1735179,1173,9,9
580,1,1735304,1174,9,9
580,1,1735425,1175,9,9
580,1,1735546,1176,9,9
580,1,1735663,1177,9,9
580,1,1735780,1178,9,9
580,1,1735901,1179,9,9
580,1,1736017,1180,9,9
580,1,1736151,1181,9,9
580,1,1736267,1182,9,9
580,1,1736400,1183,9,9
580,1,1736524,1184,9,9
580,1,1736638,1185,9,9
580,1,1736767,1186,9,9
580,1,1736892,1187,9,9
580,1,1737020,1188,9,9
580,1,1737142,1189,9,9
580,1,1737270,1190,9,9
580,1,1737395,1191,9,9
580,1,1737520,1192,9,9
580,1,1737657,1193,9,9
580,1,1737777,1194,9,9
580,1,1737918,1195,9,9
580,1,1738042,1196,9,9
580,1,1738172,1197,9,9
580,1,1738308,1198,9,9
580,1,1738428,1199,9,9
580,1,1738565,1200,9,9
580,1,1738686,1201,9,9
580,1,1738822,1202,9,9
580,1,1738955,1203,9,9
580,1,1739096,1204,9,9
580,1,1739228,1205,9,9
580,1,1739350,1206,9,9
580,1,1739486,1207,9,9
580,1,1739611,1208,9,9
580,1,1739743,1209,9,9
580,1,1739887,1210,9,9
580,1,1740016,1211,9,9
580,1,1740152,1212,9,9
580,1,1740285,1213,9,9
580,1,1740418,1214,9,9
580,1,1740551,1215,9,9
580,1,1740691,1216,9,9
580,1,1740838,1217,9,9
580,1,1740988,1218,9,9
580,1,1741139,1219,9,9
580,1,1741268,1220,9,9
580,1,1741417,1221,9,9
580,1,1741560,1222,9,9
580,1,1741706,1223,9,9
580,1,1741842,1224,9,9
580,1,1742006,1225,9,9
580,1,1742189,1226,9,9
580,1,1742341,1227,9,9
580,1,1742517,1228,9,9
580,1,1742692,1229,9,9
580,1,1742868,1230,9,9
580,1,1743036,1231,9,9
580,1,1743192,1232,9,9
581,1,1780543,431,6,6
581,1,1780619,432,6,6
581,1,1780708,433,6,6
581,1,1780800,434,6,6
581,1,1780900,435,6,6
581,1,1781005,436,6,6
581,1,1781106,437,6,6
581,1,1781211,438,6,6
581,1,1781319,439,6,6
581,1,1781424,440,6,6
581,1,1781536,441,6,6
581,1,1781649,442,6,6
581,1,1781774,443,6,6
581,1,1781886,444,6,6
581,1,1782024,445,6,6
581,1,1782160,446,6,6
581,1,1782289,447,6,6
581,1,1782586,448,6,6
581,1,1782711,449,6,6
581,1,1782840,450,6,6
581,1,1782973,451,6,6
581,1,1783102,452,6,6
581,1,1783259,453,6,6
581,1,1783399,454,6,6
581,1,1783552,455,6,6
581,1,1783693,456,6,6
581,1,1783866,457,6,6
581,1,1784015,458,6,6
581,1,1784461,459,6,6
580,0,1793075,-1,False,True
580,0,1793079,-1,False,True
580,0,1793088,-1,False,True
580,0,1793096,-1,False,True
580,0,1793105,-1,False,True
580,0,1793114,-1,False,True
580,0,1793124,-1,False,True
580,0,1793132,-1,False,True
580,0,1793141,-1,False,False
580,0,1793149,-1,False,False
580,0,1793159,-1,False,False
580,0,1793167,-1,False,False
580,0,1793177,-1,False,False
580,0,1793185,-1,False,False
580,0,1793195,-1,False,False
580,0,1793203,-1,False,False
580,0,1793213,-1,False,False
580,0,1793221,-1,False,False
580,0,1793230,-1,False,False
580,0,1793239,-1,False,False
580,0,1793249,-1,False,False
580,0,1793257,-1,False,False
580,0,1793266,-1,False,False
580,0,1793274,-1,False,False
580,0,1793284,-1,False,False
580,0,1793293,-1,False,False
580,0,1793302,-1,False,False
580,0,1793310,-1,False,False
580,0,1793319,-1,False,False
580,0,1793328,-1,False,False
580,0,1793338,-1,False,False
580,0,1793346,-1,False,False
580,0,1793355,-1,False,False
580,0,1793363,-1,False,False
580,0,1793374,-1,False,False
580,0,1793382,-1,False,False
580,0,1793391,-1,False,False
580,0,1793399,-1,False,False
580,0,1793409,-1,False,False
580,0,1793418,-1,False,False
580,0,1793427,-1,False,False
580,0,1793435,-1,False,False
580,0,1793444,-1,False,False
580,0,1793453,-1,False,False
580,0,1793463,-1,False,False
580,0,1793471,-1,False,False
580,0,1793480,-1,False,False
580,0,1793488,-1,False,False
580,0,1793499,-1,False,False
580,0,1793507,-1,False,False
580,0,1793516,-1,False,False
580,0,1793524,-1,False,False
580,0,1793533,-1,False,False
580,0,1793543,-1,False,False
580,0,1793552,-1,False,False
580,0,1793560,-1,False,False
580,0,1793569,-1,False,False
580,0,1793577,-1,False,False
580,0,1793588,-1,False,False
580,0,1793596,-1,False,False
580,0,1793605,-1,False,False
580,0,1793613,-1,False,False
580,0,1793624,-1,False,False
580,0,1793632,-1,False,False
580,0,1793641,-1,False,False
580,0,1793649,-1,False,False
580,0,1793658,-1,False,False
580,0,1793668,-1,False,False
580,0,1793677,-1,False,False
580,0,1793685,-1,False,False
580,0,1793694,-1,False,False
580,0,1797173,276,2,2
580,0,1797306,277,2,2
580,0,1797481,278,2,2
580,0,1799416,279,2,2
580,0,1801126,280,3,3
580,0,1801140,281,3,3
580,0,1801257,282,3,3
580,0,1801370,283,3,3
580,0,1801484,284,3,3
580,0,1801596,285,3,3
580,0,1801717,286,3,3
580,0,1801835,287,3,3
580,0,1801960,288,3,3
580,0,1802096,289,3,3
580,0,1802217,290,3,3
580,0,1802346,291,3,3
580,0,1802459,292,3,3
580,0,1802585,293,3,3
580,0,1802700,294,3,3
580,0,1802821,295,3,3
580,0,1802942,296,3,3
580,0,1803075,297,3,3
580,0,1803197,298,3,3
580,0,1803313,299,3,3
580,0,1803443,300,3,3
580,0,1803568,301,3,3
580,0,1803704,302,3,3
580,0,1803833,303,3,3
580,0,1803954,304,3,3
580,0,1804070,305,3,3
580,0,1804199,306,3,3
580,0,1804327,307,3,3
580,0,1804468,308,3,3
580,0,1804597,309,3,3
580,0,1804713,310,3,3
580,0,1804847,311,3,3
580,0,1804994,312,3,3
580,0,1805119,313,3,3
580,0,1805240,314,3,3
580,0,1805377,315,3,3
580,0,1805505,316,3,3
580,0,1805642,317,3,3
580,0,1805775,318,3,3
580,0,1805892,319,3,3
580,0,1806021,320,3,3
580,0,1806166,321,3,3
580,0,1806289,322,3,3
580,0,1806418,323,3,3
580,0,1806586,324,3,3
580,0,1806695,325,3,3
580,0,1806820,326,3,3
580,0,1806949,327,3,3
580,0,1807086,328,3,3
580,0,1807218,329,3,3
580,0,1807347,330,3,3
580,0,1807483,331,3,3
580,0,1807617,332,3,3
580,0,1807745,333,3,3
580,0,1807886,334,3,3
580,0,1808014,335,3,3
580,0,1808154,336,3,3
580,0,1808291,337,3,3
580,0,1808419,338,3,3
580,0,1808569,339,3,3
580,0,1808697,340,3,3
580,0,1808833,341,3,3
580,0,1808977,342,3,3
580,0,1809115,343,3,3
580,0,1809258,344,3,3
580,0,1809423,345,3,3
580,0,1809559,346,3,3
580,0,1809692,347,3,3
580,0,1809844,348,3,3
580,0,1809984,349,3,3
580,0,1810128,350,3,3
580,0,1810277,351,3,3
580,0,1810421,352,3,3
580,0,1810581,353,3,3
580,0,1810721,354,3,3
580,0,1810881,355,3,3
580,0,1811042,356,3,3
580,0,1811178,357,3,3
580,0,1811334,358,3,3
581,1,1811415,460,6,6
580,0,1811494,359,3,3
581,1,1811527,461,6,6
580,0,1811639,360,3,3
580,0,1811818,361,3,3
580,0,1811958,362,3,3
580,0,1812282,363,3,3
580,0,1812439,364,3,3
580,0,1812606,365,3,3
580,0,1812754,366,3,3
580,0,1812887,367,3,3
580,0,1813023,368,3,3
580,0,1813165,369,3,3
580,0,1813316,370,3,3
580,0,1813480,371,3,3
580,0,1813640,372,3,3
580,0,1813804,373,3,3
580,0,1813944,374,3,3
578,0,1835515,-1,True,False
578,0,1835520,-1,True,False
578,0,1835529,-1,True,False
578,0,1835537,-1,True,False
578,0,1835546,-1,True,False
578,0,1835554,-1,True,False
578,0,1835565,-1,True,False
578,0,1835573,-1,False,False
578,0,1835582,-1,False,False
578,0,1835590,-1,False,False
578,0,1835599,-1,False,False
578,0,1835608,-1,False,False
578,0,1835618,-1,False,False
578,0,1835626,-1,False,False
578,0,1835635,-1,False,False
578,0,1835643,-1,False,False
578,0,1835654,-1,False,False
578,0,1835662,-1,False,False
578,0,1835671,-1,False,False
578,0,1835679,-1,False,False
578,0,1835689,-1,False,False
578,0,1835698,-1,False,False
578,0,1835707,-1,False,False
578,0,1835715,-1,False,False
578,0,1835724,-1,False,False
578,0,1835734,-1,False,False
578,0,1835743,-1,False,False
578,0,1835751,-1,False,False
578,0,1835760,-1,False,False
578,0,1835768,-1,False,False
578,0,1835779,-1,False,False
578,0,1835787,-1,False,False
578,0,1835796,-1,False,False
578,0,1835804,-1,False,False
578,0,1835814,-1,False,False
578,0,1835823,-1,False,False
578,0,1835832,-1,False,False
578,0,1835840,-1,False,False
578,0,1835849,-1,False,False
578,0,1835858,-1,False,False
578,0,1835868,-1,False,False
578,0,1835876,-1,False,False
578,0,1835885,-1,False,False
578,0,1835893,-1,False,False
578,0,1835904,-1,False,False
578,0,1835912,-1,False,False
578,0,1835921,-1,False,False
578,0,1835929,-1,False,False
578,0,1835939,-1,False,False
578,0,1835948,-1,False,False
578,0,1835957,-1,False,False
578,0,1835965,-1,False,False
578,0,1835974,-1,False,False
578,0,1835983,-1,False,False
578,0,1835993,-1,False,False
578,0,1836001,-1,False,False
578,0,1836010,-1,False,False
578,0,1836018,-1,False,False
578,0,1836028,-1,False,False
578,0,1836037,-1,False,False
578,1,1839863,361,6,6
578,1,1839973,362,6,6
578,1,1840071,363,6,6
578,1,1840196,364,6,6
578,1,1841895,365,7,7
581,1,1831740,462,6,6
581,1,1831881,463,6,6
581,1,1832013,464,6,6
578,1,1844539,366,7,7
578,1,1844712,367,7,7
578,1,1844802,368,7,7
581,1,1832496,465,6,6
578,1,1844990,369,7,7
581,1,1832633,466,6,6
581,1,1832770,467,6,6
578,1,1845190,370,7,7
581,1,1832883,468,6,6
581,1,1833008,469,6,6
581,1,1833120,470,6,6
578,1,1845608,371,7,7
581,1,1833252,471,6,6
581,1,1833390,472,6,6
578,1,1845809,372,7,7
581,1,1833502,473,6,6
578,1,1845914,373,7,7
578,1,1846017,374,7,7
578,1,1846134,375,7,7
581,1,1833816,474,6,6
578,1,1846247,376,7,7
581,1,1833949,475,6,6
578,1,1846365,377,7,7
581,1,1834081,476,6,6
578,1,1846481,378,7,7
578,1,1846599,379,7,7
578,1,1846721,380,7,7
578,1,1846843,381,7,7
578,1,1846964,382,7,7
578,1,1847081,383,7,7
578,1,1847198,384,7,7
578,1,1847320,385,7,7
578,1,1847438,386,7,7
578,1,1847559,387,7,7
578,1,1847688,388,7,7
578,1,1847810,389,7,7
578,1,1847931,390,7,7
578,1,1848048,391,7,7
578,1,1848170,392,7,7
578,1,1848299,393,7,7
578,1,1848432,394,7,7
578,1,1848561,395,7,7
578,1,1848683,396,7,7
578,1,1848809,397,7,7
578,1,1848934,398,7,7
578,1,1849056,399,7,7
578,1,1849181,400,7,7
580,1,1846975,1233,9,9
580,1,1847085,1234,9,9
580,1,1847182,1235,9,9
580,1,1847300,1236,9,9
580,1,1847419,1237,9,9
580,1,1847533,1238,9,9
580,1,1847654,1239,9,9
580,1,1847772,1240,9,9
580,1,1847891,1241,9,9
580,1,1848009,1242,9,9
580,1,1848126,1243,9,9
580,1,1848244,1244,9,9
580,1,1848360,1245,9,9
580,1,1848481,1246,9,9
580,1,1848602,1247,9,9
580,1,1848719,1248,9,9
580,1,1848852,1249,9,9
580,1,1848973,1250,9,9
580,1,1849098,1251,9,9
580,1,1849219,1252,9,9
580,1,1849339,1253,9,9
580,1,1849464,1254,9,9
580,1,1849597,1255,9,9
580,1,1849741,1256,9,9
580,1,1849866,1257,9,9
580,1,1849984,1258,9,9
580,1,1850104,1259,9,9
580,1,1850241,1260,9,9
580,1,1850365,1261,9,9
580,1,1850490,1262,9,9
580,1,1850611,1263,9,9
580,1,1850740,1264,9,9
580,1,1850869,1265,9,9
580,1,1850990,1266,9,9
580,1,1851130,1267,9,9
580,1,1851258,1268,9,9
580,1,1851400,1269,9,9
580,1,1851529,1270,9,9
580,1,1851665,1271,9,9
580,1,1851801,1272,9,9
580,1,1851926,1273,9,9
580,1,1852070,1274,9,9
580,1,1852215,1275,9,9
580,1,1852347,1276,9,9
580,1,1852495,1277,9,9
580,1,1852722,1278,9,9
580,1,1852874,1279,9,9
580,1,1853034,1280,9,9
580,1,1853166,1281,9,9
578,1,1865680,401,7,7
580,1,1853310,1282,9,9
578,1,1865817,402,7,7
580,1,1853459,1283,9,9
578,1,1865922,403,7,7
580,1,1853607,1284,9,9
578,1,1866055,404,7,7
578,1,1866158,405,7,7
580,1,1853787,1285,9,9
580,1,1853943,1286,9,9
580,1,1854099,1287,9,9
580,1,1854364,1288,9,9
580,1,1854521,1289,9,9
580,1,1854685,1290,9,9
580,1,1856865,1291,9,9
581,0,1875790,43,0,0
581,0,1875835,44,0,0
581,1,1903654,477,6,6
581,1,1903766,478,6,6
581,1,1903863,479,6,6
581,1,1903975,480,6,6
581,1,1904105,481,6,6
581,1,1904209,482,6,6
581,1,1904346,483,6,6
581,1,1904491,484,6,6
581,1,1904615,485,6,6
580,0,1931548,-1,True,False
580,0,1931551,-1,True,False
580,0,1931560,-1,True,False
580,0,1931569,-1,True,False
580,0,1931579,-1,True,False
580,0,1931587,-1,True,False
580,0,1931596,-1,True,False
580,0,1931604,-1,True,False
580,0,1931614,-1,True,False
580,0,1931622,-1,False,False
580,0,1931631,-1,False,False
580,0,1931639,-1,False,False
580,0,1931650,-1,False,False
580,0,1931658,-1,False,False
580,0,1931667,-1,False,False
580,0,1931675,-1,False,False
580,0,1931685,-1,False,False
580,0,1931694,-1,False,False
580,0,1931703,-1,False,False
580,0,1931711,-1,False,False
580,0,1931721,-1,False,False
580,0,1931729,-1,False,False
580,0,1931739,-1,False,False
580,0,1931747,-1,False,False
580,0,1931756,-1,False,False
580,0,1931765,-1,False,False
580,0,1931774,-1,False,False
580,0,1931783,-1,False,False
580,0,1931792,-1,False,False
580,0,1931800,-1,False,False
580,0,1931810,-1,False,False
580,0,1931819,-1,False,False
580,0,1931828,-1,False,False
580,0,1931836,-1,False,False
580,0,1931846,-1,False,False
580,0,1931854,-1,False,False
580,0,1931864,-1,False,False
580,0,1931872,-1,False,False
580,0,1931881,-1,False,False
580,0,1931890,-1,False,False
580,0,1931899,-1,False,False
580,0,1931908,-1,False,False
580,0,1931917,-1,False,False
580,0,1931925,-1,False,False
580,0,1931935,-1,False,False
580,0,1931943,-1,False,False
580,0,1931953,-1,False,False
580,0,1931961,-1,False,False
580,0,1931971,-1,False,False
580,0,1931979,-1,False,False
580,0,1931988,-1,False,False
580,0,1931997,-1,False,False
580,0,1932006,-1,False,False
580,0,1932015,-1,False,False
580,0,1932024,-1,False,False
580,0,1932033,-1,False,False
580,0,1932042,-1,False,False
580,1,1936961,1292,9,9
580,1,1937117,1293,9,9
580,1,1937258,1294,9,9
580,1,1937367,1295,9,9
580,1,1939081,1296,10,10
580,1,1939138,1297,10,10
580,1,1939259,1298,10,10
580,1,1939376,1299,10,10
580,1,1939493,1300,10,10
580,1,1939621,1301,10,10
580,1,1939739,1302,10,10
580,1,1939860,1303,10,10
580,1,1939981,1304,10,10
580,1,1940113,1305,10,10
580,1,1940235,1306,10,10
580,1,1940367,1307,10,10
580,1,1940488,1308,10,10
581,0,1940626,-1,False,True
581,0,1940629,-1,False,True
581,0,1940638,-1,False,True
581,0,1940646,-1,False,True
581,0,1940657,-1,False,True
581,0,1940665,-1,False,True
581,0,1940674,-1,False,True
581,0,1940682,-1,False,True
581,0,1940691,-1,False,False
581,0,1940700,-1,False,False
581,0,1940710,-1,False,False
581,0,1940718,-1,False,False
581,0,1940727,-1,False,False
580,1,1940609,1309,10,10
581,0,1940736,-1,False,False
581,0,1940746,-1,False,False
581,0,1940754,-1,False,False
581,0,1940763,-1,False,False
581,0,1940771,-1,False,False
581,0,1940781,-1,False,False
581,0,1940789,-1,False,False
581,0,1940799,-1,False,False
581,0,1940807,-1,False,False
581,0,1940816,-1,False,False
581,0,1940825,-1,False,False
581,0,1940835,-1,False,False
581,0,1940843,-1,False,False
581,0,1940852,-1,False,False
580,1,1940738,1310,10,10
581,0,1940860,-1,False,False
581,0,1940871,-1,False,False
581,0,1940879,-1,False,False
581,0,1940888,-1,False,False
581,0,1940896,-1,False,False
580,1,1940858,1311,10,10
580,1,1940983,1312,10,10
580,1,1941116,1313,10,10
580,1,1941241,1314,10,10
580,1,1941365,1315,10,10
580,1,1941490,1316,10,10
580,1,1941619,1317,10,10
580,1,1941743,1318,10,10
580,1,1941872,1319,10,10
580,1,1942001,1320,10,10
580,1,1942130,1321,10,10
580,1,1942251,1322,10,10
580,1,1942387,1323,10,10
580,1,1942508,1324,10,10
580,1,1942633,1325,10,10
580,1,1942762,1326,10,10
580,1,1942898,1327,10,10
580,1,1943027,1328,10,10
580,1,1943163,1329,10,10
580,1,1943305,1330,10,10
580,1,1943437,1331,10,10
580,1,1943566,1332,10,10
580,1,1943706,1333,10,10
580,1,1943838,1334,10,10
580,1,1943967,1335,10,10
580,1,1944104,1336,10,10
580,1,1944249,1337,10,10
580,1,1944389,1338,10,10
580,1,1944529,1339,10,10
580,1,1944666,1340,10,10
580,1,1944802,1341,10,10
580,1,1944950,1342,10,10
580,1,1945095,1343,10,10
580,1,1945247,1344,10,10
580,1,1945392,1345,10,10
580,1,1945551,1346,10,10
580,1,1945711,1347,10,10
580,1,1945879,1348,10,10
580,1,1946055,1349,10,10
580,1,1946219,1350,10,10
580,1,1946371,1351,10,10
580,1,1946530,1352,10,10
580,1,1946694,1353,10,10
578,0,1975219,-1,False,True
578,0,1975222,-1,False,True
578,0,1975232,-1,False,True
578,0,1975240,-1,False,True
578,0,1975249,-1,False,True
578,0,1975258,-1,False,True
578,0,1975267,-1,False,True
578,0,1975275,-1,False,True
578,0,1975284,-1,False,False
578,0,1975293,-1,False,False
578,0,1975303,-1,False,False
578,0,1975311,-1,False,False
578,0,1975320,-1,False,False
578,0,1975328,-1,False,False
578,0,1975339,-1,False,False
578,0,1975347,-1,False,False
578,0,1975356,-1,False,False
578,0,1975364,-1,False,False
578,0,1975374,-1,False,False
578,0,1975383,-1,False,False
578,0,1975392,-1,False,False
578,0,1975400,-1,False,False
578,0,1975410,-1,False,False
578,0,1975418,-1,False,False
578,0,1975428,-1,False,False
578,0,1975436,-1,False,False
578,0,1975445,-1,False,False
578,0,1975453,-1,False,False
578,0,1975463,-1,False,False
578,0,1975472,-1,False,False
578,0,1975481,-1,False,False
578,0,1975489,-1,False,False
578,0,1975499,-1,False,False
578,0,1975507,-1,False,False
578,0,1975517,-1,False,False
578,0,1975525,-1,False,False
578,0,1975535,-1,False,False
578,0,1975543,-1,False,False
578,0,1975553,-1,False,False
581,1,1964812,486,6,6
581,1,1964916,487,6,6
581,1,1965034,488,6,6
581,1,1965142,489,6,6
581,1,1966828,490,7,7
581,1,1966945,491,7,7
581,1,1967053,492,7,7
581,1,1967170,493,7,7
581,1,1967302,494,7,7
581,1,1967439,495,7,7
581,1,1967552,496,7,7
581,1,1967665,497,7,7
581,1,1967789,498,7,7
581,1,1967906,499,7,7
581,1,1968027,500,7,7
581,1,1968147,501,7,7
581,1,1968280,502,7,7
581,1,1968409,503,7,7
581,1,1968549,504,7,7
581,1,1968674,505,7,7
581,1,1968807,506,7,7
581,1,1968956,507,7,7
581,1,1969085,508,7,7
581,1,1969210,509,7,7
581,1,1969358,510,7,7
581,1,1969487,511,7,7
581,1,1969632,512,7,7
581,1,1969801,513,7,7
581,1,1969922,514,7,7
581,1,1970055,515,7,7
581,1,1970220,516,7,7
581,1,1970340,517,7,7
581,1,1970505,518,7,7
581,1,1970630,519,7,7
581,1,1970766,520,7,7
581,1,1970945,521,7,7
581,1,1971056,522,7,7
581,1,1971218,523,7,7
578,1,1983841,406,7,7
581,1,1971391,524,7,7
578,1,1983974,407,7,7
581,1,1971500,525,7,7
581,1,1971692,526,7,7
581,1,1971777,527,7,7
581,1,1971958,528,7,7
581,1,1972336,529,7,7
581,1,1972420,530,7,7
581,1,1972630,531,7,7
581,1,1982458,532,7,7
581,1,1982600,533,7,7
581,1,1982769,534,7,7
581,1,1982869,535,7,7
581,1,1982990,536,7,7
581,1,1983147,537,7,7
581,1,1983295,538,7,7
581,1,1983501,539,7,7
581,1,1983622,540,7,7
581,1,1983758,541,7,7
580,0,2027910,375,3,3
580,0,2028027,376,3,3
581,0,2029365,45,0,0
581,0,2029579,46,0,0
581,1,2032669,542,7,7
581,1,2032757,543,7,7
581,1,2032837,544,7,7
581,1,2032930,545,7,7
581,1,2033031,546,7,7
581,1,2033132,547,7,7
581,1,2033236,548,7,7
581,1,2033345,549,7,7
581,1,2033453,550,7,7
581,1,2033562,551,7,7
581,1,2033671,552,7,7
581,1,2033786,553,7,7
581,1,2033912,554,7,7
581,1,2034033,555,7,7
581,1,2034319,556,7,7
581,1,2034447,557,7,7
581,1,2034592,558,7,7
581,1,2034728,559,7,7
580,0,2046267,-1,False,True
580,0,2046271,-1,False,True
580,0,2046280,-1,False,True
580,0,2046288,-1,False,True
580,0,2046298,-1,False,True
580,0,2046306,-1,False,True
580,0,2046315,-1,False,True
580,0,2046323,-1,False,True
580,0,2046333,-1,False,False
580,0,2046342,-1,False,False
580,0,2046351,-1,False,False
580,0,2046359,-1,False,False
580,0,2046368,-1,False,False
580,0,2046377,-1,False,False
580,0,2046387,-1,False,False
580,0,2046395,-1,False,False
580,0,2046404,-1,False,False
580,0,2046412,-1,False,False
580,0,2046423,-1,False,False
580,0,2046431,-1,False,False
580,0,2046440,-1,False,False
580,0,2046448,-1,False,False
580,0,2046458,-1,False,False
580,0,2046467,-1,False,False
580,0,2046476,-1,False,False
580,0,2046484,-1,False,False
580,0,2046494,-1,False,False
580,0,2046502,-1,False,False
580,0,2046512,-1,False,False
580,0,2046520,-1,False,False
580,0,2046529,-1,False,False
580,0,2046537,-1,False,False
580,0,2046547,-1,False,False
580,0,2046556,-1,False,False
580,0,2046565,-1,False,False
580,0,2046573,-1,False,False
580,0,2046583,-1,False,False
580,0,2046592,-1,False,False
580,0,2046601,-1,False,False
580,0,2046609,-1,False,False
580,0,2046619,-1,False,False
580,0,2046627,-1,False,False
580,0,2046637,-1,False,False
580,0,2046645,-1,False,False
580,0,2046654,-1,False,False
580,0,2046662,-1,False,False
580,0,2046672,-1,False,False
580,0,2046681,-1,False,False
580,0,2046690,-1,False,False
580,0,2046698,-1,False,False
580,0,2046708,-1,False,False
580,0,2046716,-1,False,False
580,0,2046726,-1,False,False
580,0,2046734,-1,False,False
580,0,2046744,-1,False,False
580,0,2046752,-1,False,False
580,0,2046761,-1,False,False
580,0,2046770,-1,False,False
580,0,2046779,-1,False,False
580,0,2046788,-1,False,False
580,0,2046797,-1,False,False
580,0,2046806,-1,False,False
580,0,2046815,-1,False,False
580,0,2046823,-1,False,False
580,0,2046833,-1,False,False
580,0,2046841,-1,False,False
580,0,2046851,-1,False,False
580,0,2046859,-1,False,False
580,1,2051152,1354,10,10
580,1,2051238,1355,10,10
580,1,2051336,1356,10,10
580,1,2051433,1357,10,10
580,1,2053128,1358,11,11
580,1,2053228,1359,11,11
580,1,2053353,1360,11,11
580,1,2053470,1361,11,11
580,1,2053586,1362,11,11
580,1,2053703,1363,11,11
580,1,2053821,1364,11,11
580,1,2053938,1365,11,11
580,1,2054055,1366,11,11
580,1,2054172,1367,11,11
580,1,2054297,1368,11,11
580,1,2054422,1369,11,11
580,1,2054539,1370,11,11
580,1,2054660,1371,11,11
580,1,2054777,1372,11,11
580,1,2054902,1373,11,11
580,1,2055026,1374,11,11
580,1,2055148,1375,11,11
580,1,2055268,1376,11,11
580,1,2055397,1377,11,11
580,1,2055518,1378,11,11
580,1,2055639,1379,11,11
580,1,2055759,1380,11,11
580,1,2055880,1381,11,11
580,1,2056002,1382,11,11
580,1,2056123,1383,11,11
580,1,2056251,1384,11,11
580,1,2056376,1385,11,11
580,1,2056509,1386,11,11
580,1,2056634,1387,11,11
580,1,2056755,1388,11,11
580,1,2056876,1389,11,11
580,1,2057000,1390,11,11
580,1,2057134,1391,11,11
580,1,2057259,1392,11,11
580,1,2057387,1393,11,11
580,1,2057516,1394,11,11
580,1,2057649,1395,11,11
580,1,2057777,1396,11,11
580,1,2057902,1397,11,11
580,1,2058031,1398,11,11
580,1,2058160,1399,11,11
580,1,2058288,1400,11,11
580,1,2058413,1401,11,11
580,1,2058546,1402,11,11
580,1,2058671,1403,11,11
580,1,2058807,1404,11,11
580,1,2058936,1405,11,11
580,1,2059065,1406,11,11
580,1,2059193,1407,11,11
580,1,2059333,1408,11,11
580,1,2059466,1409,11,11
580,1,2059602,1410,11,11
580,1,2059731,1411,11,11
580,1,2059865,1412,11,11
580,1,2059980,1413,11,11
580,1,2060118,1414,11,11
580,1,2060242,1415,11,11
581,0,2060570,-1,False,True
581,0,2060573,-1,False,True
581,0,2060583,-1,False,True
581,0,2060592,-1,False,True
581,0,2060601,-1,False,True
581,0,2060609,-1,False,True
581,0,2060618,-1,False,True
581,0,2060626,-1,False,True
581,0,2060636,-1,False,False
581,0,2060644,-1,False,False
580,1,2060370,1416,11,11
581,0,2060654,-1,False,False
581,0,2060662,-1,False,False
581,0,2060672,-1,False,False
581,0,2060680,-1,False,False
581,0,2060690,-1,False,False
581,0,2060698,-1,False,False
581,0,2060707,-1,False,False
581,0,2060716,-1,False,False
581,0,2060726,-1,False,False
581,0,2060734,-1,False,False
581,0,2060743,-1,False,False
581,0,2060751,-1,False,False
581,0,2060761,-1,False,False
581,0,2060769,-1,False,False
580,1,2060499,1417,11,11
581,0,2060779,-1,False,False
581,0,2060787,-1,False,False
580,1,2060633,1418,11,11
580,1,2060761,1419,11,11
580,1,2060890,1420,11,11
580,1,2061023,1421,11,11
580,1,2061152,1422,11,11
580,1,2061459,1423,11,11
580,1,2061600,1424,11,11
580,1,2061760,1425,11,11
580,1,2061896,1426,11,11
580,1,2062041,1427,11,11
580,1,2062189,1428,11,11
580,1,2062330,1429,11,11
580,1,2062467,1430,11,11
580,1,2062774,1431,11,11
580,1,2062930,1432,11,11
580,1,2063082,1433,11,11
580,1,2063223,1434,11,11
580,1,2063360,1435,11,11
580,1,2063493,1436,11,11
580,1,2063637,1437,11,11
580,1,2063793,1438,11,11
580,1,2063937,1439,11,11
580,1,2064066,1440,11,11
580,1,2064206,1441,11,11
580,1,2064351,1442,11,11
580,1,2064491,1443,11,11
580,1,2064635,1444,11,11
580,1,2064764,1445,11,11
580,1,2064916,1446,11,11
580,1,2065053,1447,11,11
580,1,2065198,1448,11,11
580,1,2065342,1449,11,11
580,1,2065485,1450,11,11
580,1,2065736,1451,11,11
580,1,2065884,1452,11,11
580,1,2066028,1453,11,11
580,1,2066181,1454,11,11
580,1,2066340,1455,11,11
580,1,2066500,1456,11,11
580,1,2066640,1457,11,11
580,1,2066797,1458,11,11
580,1,2067112,1459,11,11
581,1,2068426,560,7,7
581,1,2068515,561,7,7
581,1,2068612,562,7,7
581,1,2068704,563,7,7
581,1,2070393,564,8,8
581,1,2070450,565,8,8
581,1,2070559,566,8,8
581,1,2070672,567,8,8
581,1,2070789,568,8,8
581,1,2070897,569,8,8
581,1,2071010,570,8,8
581,1,2071122,571,8,8
581,1,2071239,572,8,8
581,1,2071360,573,8,8
581,1,2071481,574,8,8
581,1,2071592,575,8,8
581,1,2071717,576,8,8
581,1,2071830,577,8,8
581,1,2071955,578,8,8
581,1,2072072,579,8,8
581,1,2072197,580,8,8
581,1,2072322,581,8,8
581,1,2072451,582,8,8
581,1,2072579,583,8,8
581,1,2072695,584,8,8
581,1,2072816,585,8,8
581,1,2072953,586,8,8
581,1,2073074,587,8,8
581,1,2073223,588,8,8
581,1,2073331,589,8,8
581,1,2073448,590,8,8
581,1,2073593,591,8,8
581,1,2073721,592,8,8
581,1,2073854,593,8,8
580,1,2073656,1460,11,11
581,1,2074007,594,8,8
580,1,2073812,1461,11,11
581,1,2074161,595,8,8
580,1,2073953,1462,11,11
581,1,2074301,596,8,8
580,1,2074082,1463,11,11
581,1,2074434,597,8,8
580,1,2074230,1464,11,11
581,1,2074566,598,8,8
580,1,2074344,1465,11,11
581,1,2074712,599,8,8
580,1,2074475,1466,11,11
581,1,2074835,600,8,8
580,1,2074593,1467,11,11
581,1,2074985,601,8,8
580,1,2074788,1468,11,11
581,1,2075146,602,8,8
580,1,2074916,1469,11,11
581,1,2075275,603,8,8
580,1,2075049,1470,11,11
581,1,2075396,604,8,8
580,1,2075186,1471,11,11
581,1,2075536,605,8,8
580,1,2075315,1472,11,11
581,1,2075685,606,8,8
580,1,2075470,1473,11,11
581,1,2075857,607,8,8
580,1,2075612,1474,11,11
581,1,2076007,608,8,8
580,1,2075759,1475,11,11
581,1,2076120,609,8,8
580,1,2075912,1476,11,11
581,1,2076253,610,8,8
580,1,2076052,1477,11,11
581,1,2076422,611,8,8
580,1,2076188,1478,11,11
581,1,2076562,612,8,8
580,1,2076317,1479,11,11
581,1,2076695,613,8,8
581,1,2076856,614,8,8
581,1,2077166,615,8,8
581,1,2077290,616,8,8
581,1,2077431,617,8,8
581,1,2077596,618,8,8
581,1,2077753,619,8,8
581,1,2077922,620,8,8
581,1,2078066,621,8,8
581,1,2078220,622,8,8
581,1,2078360,623,8,8
581,1,2078537,624,8,8
581,1,2078691,625,8,8
581,1,2078863,626,8,8
581,1,2079040,627,8,8
581,1,2079403,628,8,8
581,1,2079495,629,8,8
581,1,2079640,630,8,8
581,1,2079841,631,8,8
581,1,2079978,632,8,8
581,1,2080114,633,8,8
581,1,2080420,634,8,8
581,1,2080561,635,8,8
581,1,2080717,636,8,8
581,1,2080887,637,8,8
581,1,2081048,638,8,8
581,1,2081192,639,8,8
581,1,2081349,640,8,8
581,1,2081507,641,8,8
581,1,2081659,642,8,8
581,1,2081970,643,8,8
581,1,2082130,644,8,8
581,1,2082279,645,8,8
581,1,2082448,646,8,8
581,1,2082617,647,8,8
581,1,2082758,648,8,8
581,1,2082903,649,8,8
581,1,2084520,650,8,8
581,1,2084677,651,8,8
581,1,2084818,652,8,8
581,1,2084947,653,8,8
581,1,2085092,654,8,8
581,1,2085253,655,8,8
581,1,2085426,656,8,8
581,1,2085563,657,8,8
581,1,2085707,658,8,8
581,1,2085868,659,8,8
581,1,2086033,660,8,8
581,1,2086185,661,8,8
581,1,2086335,662,8,8
581,1,2086496,663,8,8
581,1,2086681,664,8,8
581,1,2086834,665,8,8
581,1,2087011,666,8,8
581,1,2087163,667,8,8
581,1,2087305,668,8,8
581,1,2087453,669,8,8
581,1,2087615,670,8,8
581,1,2087956,671,8,8
581,1,2088101,672,8,8
581,1,2088250,673,8,8
581,1,2088407,674,8,8
581,1,2088705,675,8,8
581,1,2088846,676,8,8
581,1,2089023,677,8,8
581,1,2089176,678,8,8
581,1,2091943,679,8,8
581,1,2092092,680,8,8
581,1,2092217,681,8,8
581,1,2092350,682,8,8
581,1,2092483,683,8,8
581,1,2092644,684,8,8
581,1,2092821,685,8,8
581,1,2092945,686,8,8
581,1,2093118,687,8,8
581,1,2093267,688,8,8
581,1,2093395,689,8,8
581,1,2095898,690,8,8
581,1,2096039,691,8,8
581,1,2096172,692,8,8
581,1,2096317,693,8,8
578,0,2110679,229,3,3
581,1,2105872,694,8,8
581,1,2106033,695,8,8
581,1,2106141,696,8,8
581,1,2106287,697,8,8
581,1,2106411,698,8,8
581,1,2106708,699,8,8
581,1,2106833,700,8,8
581,1,2106954,701,8,8
581,1,2107123,702,8,8
581,1,2107291,703,8,8
581,1,2107464,704,8,8
580,0,2108802,-1,False,True
580,0,2108805,-1,False,True
580,0,2108814,-1,False,True
580,0,2108822,-1,False,True
580,0,2108832,-1,False,True
580,0,2108840,-1,False,True
580,0,2108850,-1,False,True
580,0,2108858,-1,False,True
580,0,2108867,-1,False,False
580,0,2108875,-1,False,False
580,0,2108886,-1,False,False
580,0,2108894,-1,False,False
580,0,2108903,-1,False,False
580,0,2108911,-1,False,False
580,0,2108921,-1,False,False
580,0,2108930,-1,False,False
580,0,2108939,-1,False,False
580,0,2108947,-1,False,False
580,0,2108956,-1,False,False
580,0,2108965,-1,False,False
580,0,2108975,-1,False,False
580,0,2108983,-1,False,False
580,0,2108992,-1,False,False
580,0,2109000,-1,False,False
580,0,2109010,-1,False,False
580,0,2109019,-1,False,False
580,0,2109028,-1,False,False
580,0,2109036,-1,False,False
580,0,2109046,-1,False,False
580,0,2109054,-1,False,False
580,0,2109064,-1,False,False
580,0,2109072,-1,False,False
580,0,2109081,-1,False,False
580,0,2109090,-1,False,False
580,0,2109100,-1,False,False
580,0,2109108,-1,False,False
580,0,2109117,-1,False,False
580,0,2109125,-1,False,False
580,0,2109135,-1,False,False
580,0,2109144,-1,False,False
580,0,2109153,-1,False,False
580,0,2109161,-1,False,False
580,0,2109171,-1,False,False
580,0,2109179,-1,False,False
580,0,2109189,-1,False,False
580,0,2109197,-1,False,False
580,0,2109206,-1,False,False
580,0,2109215,-1,False,False
580,0,2109224,-1,False,False
580,0,2109233,-1,False,False
580,0,2109242,-1,False,False
580,0,2109250,-1,False,False
580,0,2109260,-1,False,False
580,0,2109268,-1,False,False
580,0,2109278,-1,False,False
580,0,2109286,-1,False,False
580,0,2109296,-1,False,False
580,0,2109304,-1,False,False
580,0,2109314,-1,False,False
580,0,2109322,-1,False,False
580,0,2109331,-1,False,False
580,0,2109340,-1,False,False
580,0,2109349,-1,False,False
580,0,2109358,-1,False,False
580,0,2109367,-1,False,False
580,0,2109375,-1,False,False
580,0,2109385,-1,False,False
580,0,2109393,-1,False,False
580,0,2109403,-1,False,False
580,0,2109411,-1,False,False
580,0,2109421,-1,False,False
580,0,2109429,-1,False,False
580,0,2109438,-1,False,False
580,0,2109447,-1,False,False
580,0,2109457,-1,False,False
580,0,2109465,-1,False,False
580,0,2109474,-1,False,False
580,0,2109483,-1,False,False
580,0,2109492,-1,False,False
580,0,2109500,-1,False,False
580,0,2109510,-1,False,False
580,0,2109518,-1,False,False
580,0,2109528,-1,False,False
580,0,2109536,-1,False,False
580,0,2109546,-1,False,False
580,0,2109554,-1,False,False
580,0,2109563,-1,False,False
580,0,2109572,-1,False,False
580,0,2109582,-1,False,False
580,0,2109590,-1,False,False
580,0,2109599,-1,False,False
580,0,2109607,-1,False,False
580,1,2115013,1480,11,11
580,1,2115946,1481,11,11
580,1,2116050,1482,11,11
580,1,2116203,1483,11,11
580,1,2117917,1484,12,12
580,1,2117990,1485,12,12
580,1,2118111,1486,12,12
580,1,2118236,1487,12,12
580,1,2118349,1488,12,12
580,1,2118470,1489,12,12
580,1,2118595,1490,12,12
580,1,2118716,1491,12,12
580,1,2118829,1492,12,12
580,1,2118949,1493,12,12
580,1,2119067,1494,12,12
580,1,2119203,1495,12,12
580,1,2119320,1496,12,12
580,1,2119442,1497,12,12
580,1,2119558,1498,12,12
580,1,2119678,1499,12,12
580,1,2119800,1500,12,12
580,1,2119921,1501,12,12
580,1,2120046,1502,12,12
580,1,2120163,1503,12,12
580,1,2120284,1504,12,12
580,1,2120400,1505,12,12
580,1,2120521,1506,12,12
580,1,2120643,1507,12,12
580,1,2120764,1508,12,12
580,1,2120885,1509,12,12
580,1,2121001,1510,12,12
580,1,2121126,1511,12,12
581,1,2121503,705,8,8
580,1,2121247,1512,12,12
581,1,2121624,706,8,8
581,1,2121724,707,8,8
580,1,2121376,1513,12,12
580,1,2121501,1514,12,12
581,1,2121897,708,8,8
580,1,2121626,1515,12,12
581,1,2122027,709,8,8
580,1,2121747,1516,12,12
581,1,2122160,710,8,8
580,1,2121868,1517,12,12
581,1,2122289,711,8,8
580,1,2122001,1518,12,12
581,1,2122429,712,8,8
580,1,2122129,1519,12,12
581,1,2122554,713,8,8
580,1,2122258,1520,12,12
581,1,2122690,714,8,8
580,1,2122383,1521,12,12
581,1,2122823,715,8,8
580,1,2122531,1522,12,12
581,1,2122976,716,8,8
580,1,2122663,1523,12,12
581,1,2123097,717,8,8
580,1,2122784,1524,12,12
581,1,2123230,718,8,8
580,1,2122916,1525,12,12
581,1,2123395,719,8,8
580,1,2123045,1526,12,12
580,1,2123166,1527,12,12
581,1,2123559,720,8,8
580,1,2123287,1528,12,12
581,1,2123684,721,8,8
580,1,2123416,1529,12,12
581,1,2123837,722,8,8
580,1,2123552,1530,12,12
581,1,2124010,723,8,8
580,1,2123674,1531,12,12
581,1,2124164,724,8,8
580,1,2123799,1532,12,12
580,1,2123916,1533,12,12
581,1,2124320,725,8,8
580,1,2124052,1534,12,12
581,1,2124496,726,8,8
580,1,2124181,1535,12,12
580,1,2124310,1536,12,12
581,1,2124690,727,8,8
580,1,2124442,1537,12,12
580,1,2124579,1538,12,12
581,1,2125057,728,8,8
580,1,2124707,1539,12,12
580,1,2124848,1540,12,12
581,1,2125258,729,8,8
580,1,2124996,1541,12,12
580,1,2125145,1542,12,12
580,1,2125305,1543,12,12
580,1,2125461,1544,12,12
580,1,2125617,1545,12,12
580,1,2125758,1546,12,12
580,1,2125902,1547,12,12
580,1,2126195,1548,12,12
581,0,2132176,-1,False,True
581,0,2132180,-1,False,True
581,0,2132190,-1,False,True
581,0,2132198,-1,False,True
581,0,2132207,-1,False,True
581,0,2132215,-1,False,True
581,0,2132226,-1,False,True
581,0,2132234,-1,False,True
581,0,2132243,-1,False,False
581,0,2132251,-1,False,False
581,0,2132260,-1,False,False
581,0,2132269,-1,False,False
581,0,2132279,-1,False,False
581,0,2132287,-1,False,False
581,0,2132296,-1,False,False
581,0,2132304,-1,False,False
581,0,2132315,-1,False,False
581,0,2132323,-1,False,False
581,0,2132332,-1,False,False
581,0,2132340,-1,False,False
581,0,2132350,-1,False,False
581,0,2132359,-1,False,False
581,0,2132368,-1,False,False
581,0,2132376,-1,False,False
581,0,2132385,-1,False,False
581,0,2132393,-1,False,False
581,0,2132404,-1,False,False
581,0,2132412,-1,False,False
581,0,2132421,-1,False,False
581,0,2132429,-1,False,False
581,0,2132440,-1,False,False
581,0,2132448,-1,False,False
581,0,2132457,-1,False,False
581,0,2132465,-1,False,False
581,0,2132475,-1,False,False
581,0,2132484,-1,False,False
581,0,2132493,-1,False,False
581,0,2132501,-1,False,False
581,0,2132510,-1,False,False
581,0,2132518,-1,False,False
581,0,2132529,-1,False,False
581,0,2132537,-1,False,False
581,0,2132546,-1,False,False
581,0,2132554,-1,False,False
581,0,2132564,-1,False,False
581,0,2132573,-1,False,False
581,0,2132582,-1,False,False
581,0,2132590,-1,False,False
581,0,2132600,-1,False,False
581,0,2132609,-1,False,False
581,0,2132618,-1,False,False
581,0,2132626,-1,False,False
581,0,2132635,-1,False,False
581,0,2132644,-1,False,False
581,0,2132654,-1,False,False
581,0,2132662,-1,False,False
581,0,2132671,-1,False,False
581,0,2132679,-1,False,False
581,0,2132689,-1,False,False
581,0,2132698,-1,False,False
581,0,2132707,-1,False,False
581,0,2132715,-1,False,False
581,0,2132725,-1,False,False
581,0,2132733,-1,False,False
581,0,2132743,-1,False,False
581,0,2132751,-1,False,False
581,0,2132760,-1,False,False
581,0,2132769,-1,False,False
581,0,2132779,-1,False,False
581,0,2132787,-1,False,False
581,0,2132796,-1,False,False
581,0,2132804,-1,False,False
581,0,2132814,-1,False,False
581,0,2132823,-1,False,False
581,0,2132832,-1,False,False
581,0,2132840,-1,False,False
581,0,2132850,-1,False,False
581,0,2132858,-1,False,False
581,0,2132868,-1,False,False
581,0,2132876,-1,False,False
581,0,2132885,-1,False,False
581,0,2132894,-1,False,False
581,0,2132903,-1,False,False
581,0,2132912,-1,False,False
581,0,2132921,-1,False,False
581,0,2132929,-1,False,False
581,0,2132939,-1,False,False
581,0,2132947,-1,False,False
581,0,2132957,-1,False,False
581,0,2132965,-1,False,False
581,0,2132975,-1,False,False
581,0,2132983,-1,False,False
581,0,2132993,-1,False,False
581,0,2133001,-1,False,False
581,0,2133011,-1,False,False
581,0,2133019,-1,False,False
581,0,2133028,-1,False,False
581,0,2133037,-1,False,False
581,0,2133046,-1,False,False
581,0,2133054,-1,False,False
581,0,2133064,-1,False,False
581,0,2133072,-1,False,False
581,0,2133082,-1,False,False
581,0,2133090,-1,False,False
581,0,2133100,-1,False,False
581,0,2133108,-1,False,False
581,0,2133117,-1,False,False
581,0,2133126,-1,False,False
581,0,2133136,-1,False,False
581,0,2133144,-1,False,False
581,0,2133153,-1,False,False
581,0,2133161,-1,False,False
581,0,2133171,-1,False,False
581,0,2133179,-1,False,False
581,0,2133189,-1,False,False
581,0,2133197,-1,False,False
581,0,2133207,-1,False,False
581,0,2133215,-1,False,False
581,0,2133225,-1,False,False
581,0,2133233,-1,False,False
581,0,2133242,-1,False,False
581,0,2133251,-1,False,False
581,0,2133261,-1,False,False
581,0,2133269,-1,False,False
581,0,2133278,-1,False,False
581,0,2133286,-1,False,False
581,0,2133296,-1,False,False
581,0,2133304,-1,False,False
581,0,2133314,-1,False,False
581,0,2133322,-1,False,False
581,0,2133331,-1,False,False
581,0,2133340,-1,False,False
581,0,2133350,-1,False,False
581,0,2133358,-1,False,False
581,0,2133367,-1,False,False
581,0,2133376,-1,False,False
581,0,2133386,-1,False,False
581,0,2133394,-1,False,False
581,0,2133403,-1,False,False
581,0,2133411,-1,False,False
581,0,2133421,-1,False,False
581,0,2133430,-1,False,False
581,0,2133439,-1,False,False
581,0,2133447,-1,False,False
581,0,2133456,-1,False,False
581,0,2133465,-1,False,False
581,0,2133475,-1,False,False
581,0,2133483,-1,False,False
581,0,2133492,-1,False,False
581,0,2133500,-1,False,False
581,0,2133511,-1,False,False
581,0,2133519,-1,False,False
581,0,2133528,-1,False,False
581,0,2133536,-1,False,False
581,0,2133545,-1,False,False
581,0,2133555,-1,False,False
581,0,2133564,-1,False,False
581,0,2133572,-1,False,False
581,0,2133581,-1,False,False
581,0,2133590,-1,False,False
581,0,2133600,-1,False,False
581,0,2133608,-1,False,False
581,0,2133617,-1,False,False
581,0,2133625,-1,False,False
581,0,2133636,-1,False,False
581,0,2133644,-1,False,False
581,0,2133653,-1,False,False
581,0,2133661,-1,False,False
581,0,2133670,-1,False,False
581,0,2133680,-1,False,False
581,0,2133689,-1,False,False
581,0,2133697,-1,False,False
581,0,2133706,-1,False,False
581,0,2133714,-1,False,False
581,0,2133725,-1,False,False
581,0,2133733,-1,False,False
581,0,2133742,-1,False,False
581,0,2133750,-1,False,False
581,0,2133761,-1,False,False
581,0,2133769,-1,False,False
581,0,2133778,-1,False,False
581,0,2133786,-1,False,False
581,0,2133795,-1,False,False
581,0,2133805,-1,False,False
581,0,2133814,-1,False,False
581,0,2133822,-1,False,False
581,0,2133831,-1,False,False
581,0,2133839,-1,False,False
581,0,2133850,-1,False,False
581,0,2133858,-1,False,False
581,0,2133867,-1,False,False
581,0,2133875,-1,False,False
581,0,2133885,-1,False,False
581,0,2133894,-1,False,False
581,0,2133903,-1,False,False
581,0,2133911,-1,False,False
581,0,2133921,-1,False,False
581,0,2133929,-1,False,False
581,0,2133939,-1,False,False
581,0,2133947,-1,False,False
581,0,2133956,-1,False,False
581,0,2133964,-1,False,False
581,0,2133975,-1,False,False
581,0,2133983,-1,False,False
581,0,2133992,-1,False,False
581,0,2134000,-1,False,False
581,0,2134010,-1,False,False
581,0,2134019,-1,False,False
581,0,2134028,-1,False,False
581,0,2134036,-1,False,False
581,0,2134046,-1,False,False
581,0,2134054,-1,False,False
581,0,2134064,-1,False,False
581,0,2134072,-1,False,False
581,0,2134081,-1,False,False
581,0,2134089,-1,False,False
581,0,2134099,-1,False,False
581,0,2134108,-1,False,False
581,0,2134117,-1,False,False
581,0,2134125,-1,False,False
581,0,2134135,-1,False,False
581,0,2134144,-1,False,False
581,0,2134153,-1,False,False
581,0,2134161,-1,False,False
581,0,2134171,-1,False,False
581,0,2134179,-1,False,False
581,0,2134189,-1,False,False
581,0,2134197,-1,False,False
581,0,2134206,-1,False,False
581,0,2134214,-1,False,False
581,0,2134224,-1,False,False
581,0,2134233,-1,False,False
581,0,2134242,-1,False,False
581,0,2134250,-1,False,False
581,0,2134260,-1,False,False
581,0,2134268,-1,False,False
581,0,2134278,-1,False,False
581,0,2134286,-1,False,False
581,0,2134296,-1,False,False
581,0,2134304,-1,False,False
581,0,2134313,-1,False,False
581,0,2134322,-1,False,False
581,0,2134331,-1,False,False
581,0,2134340,-1,False,False
581,0,2134349,-1,False,False
581,0,2134358,-1,False,False
581,0,2134367,-1,False,False
581,0,2134375,-1,False,False
581,0,2134385,-1,False,False
581,0,2134393,-1,False,False
581,0,2134403,-1,False,False
581,0,2134411,-1,False,False
581,0,2134421,-1,False,False
581,0,2134429,-1,False,False
581,0,2134438,-1,False,False
581,0,2134447,-1,False,False
581,0,2134456,-1,False,False
581,0,2134465,-1,False,False
581,0,2134474,-1,False,False
581,0,2134482,-1,False,False
581,0,2134492,-1,False,False
581,0,2134500,-1,False,False
581,0,2134510,-1,False,False
581,0,2134518,-1,False,False
581,0,2134528,-1,False,False
581,0,2134536,-1,False,False
581,0,2134546,-1,False,False
581,0,2134554,-1,False,False
581,0,2134563,-1,False,False
581,0,2134572,-1,False,False
581,0,2134581,-1,False,False
581,0,2134590,-1,False,False
581,0,2134599,-1,False,False
581,0,2134607,-1,False,False
581,0,2134617,-1,False,False
581,0,2134625,-1,False,False
581,0,2134635,-1,False,False
581,0,2134643,-1,False,False
581,0,2134652,-1,False,False
581,0,2134661,-1,False,False
581,0,2134671,-1,False,False
581,0,2134679,-1,False,False
581,0,2134688,-1,False,False
581,0,2134696,-1,False,False
581,0,2134707,-1,False,False
581,0,2134715,-1,False,False
581,0,2134724,-1,False,False
581,0,2134732,-1,False,False
581,0,2134742,-1,False,False
581,0,2134750,-1,False,False
581,0,2134760,-1,False,False
581,0,2134768,-1,False,False
581,0,2134777,-1,False,False
581,0,2134786,-1,False,False
581,0,2134796,-1,False,False
581,0,2134804,-1,False,False
581,0,2134813,-1,False,False
581,0,2134821,-1,False,False
581,0,2134832,-1,False,False
581,0,2134840,-1,False,False
581,0,2134849,-1,False,False
581,0,2134857,-1,False,False
581,0,2134866,-1,False,False
581,0,2134875,-1,False,False
581,0,2134885,-1,False,False
581,0,2134893,-1,False,False
581,0,2134902,-1,False,False
581,0,2134910,-1,False,False
581,0,2134921,-1,False,False
581,0,2134929,-1,False,False
581,0,2134938,-1,False,False
581,0,2134946,-1,False,False
581,0,2134957,-1,False,False
581,0,2134965,-1,False,False
581,0,2134974,-1,False,False
581,0,2134982,-1,False,False
581,0,2134991,-1,False,False
581,0,2135000,-1,False,False
581,0,2135010,-1,False,False
581,0,2135018,-1,False,False
581,0,2135027,-1,False,False
581,0,2135035,-1,False,False
581,0,2135046,-1,False,False
581,0,2135054,-1,False,False
581,0,2135063,-1,False,False
581,0,2135071,-1,False,False
581,0,2135081,-1,False,False
581,0,2135090,-1,False,False
581,0,2135099,-1,False,False
581,0,2135107,-1,False,False
581,0,2135116,-1,False,False
581,0,2135126,-1,False,False
581,0,2135135,-1,False,False
581,0,2135143,-1,False,False
581,0,2135152,-1,False,False
581,0,2135160,-1,False,False
581,0,2135171,-1,False,False
581,0,2135179,-1,False,False
581,0,2135188,-1,False,False
581,0,2135196,-1,False,False
581,0,2138251,-1,False,False
581,0,2138255,-1,False,False
581,0,2138264,-1,False,False
581,0,2138272,-1,False,False
581,0,2138281,-1,False,False
581,0,2138291,-1,False,False
581,0,2138300,-1,False,False
581,0,2138308,-1,False,False
581,0,2138317,-1,False,False
581,0,2138326,-1,False,False
581,0,2138336,-1,False,False
581,0,2138344,-1,False,False
581,0,2138353,-1,False,False
581,0,2138361,-1,False,False
581,0,2138372,-1,False,False
581,0,2138380,-1,False,False
581,0,2138389,-1,False,False
581,0,2138397,-1,False,False
581,0,2138407,-1,False,False
581,0,2138416,-1,False,False
581,0,2138425,-1,False,False
581,0,2138433,-1,False,False
581,0,2138442,-1,False,False
581,0,2138450,-1,False,False
581,0,2138461,-1,False,False
581,0,2138469,-1,False,False
581,0,2138478,-1,False,False
581,0,2138486,-1,False,False
581,0,2138497,-1,False,False
581,0,2138505,-1,False,False
581,0,2138514,-1,False,False
581,0,2138522,-1,False,False
581,0,2138532,-1,False,False
581,0,2138541,-1,False,False
581,0,2138550,-1,False,False
581,0,2138558,-1,False,False
581,0,2138567,-1,False,False
581,0,2138575,-1,False,False
581,0,2138586,-1,False,False
581,0,2138594,-1,False,False
581,0,2138603,-1,False,False
581,0,2138611,-1,False,False
581,0,2138621,-1,False,False
581,0,2138630,-1,False,False
581,0,2138639,-1,False,False
581,0,2138647,-1,False,False
581,0,2138657,-1,False,False
581,0,2138665,-1,False,False
581,0,2138675,-1,False,False
581,0,2138683,-1,False,False
581,0,2138692,-1,False,False
581,0,2138700,-1,False,False
581,0,2138711,-1,False,False
581,0,2138719,-1,False,False
581,0,2138728,-1,False,False
581,0,2138736,-1,False,False
581,0,2138746,-1,False,False
581,0,2138755,-1,False,False
581,0,2138764,-1,False,False
581,0,2138772,-1,False,False
581,0,2138782,-1,False,False
581,0,2138790,-1,False,False
581,0,2138800,-1,False,False
581,0,2138808,-1,False,False
581,0,2138817,-1,False,False
581,0,2138826,-1,False,False
581,0,2138835,-1,False,False
581,0,2138844,-1,False,False
581,0,2138853,-1,False,False
581,0,2138861,-1,False,False
581,0,2138871,-1,False,False
581,0,2138880,-1,False,False
581,0,2138889,-1,False,False
581,0,2138897,-1,False,False
581,0,2138907,-1,False,False
581,0,2138915,-1,False,False
581,0,2138925,-1,False,False
581,0,2138933,-1,False,False
581,0,2138942,-1,False,False
581,0,2138951,-1,False,False
581,0,2138960,-1,False,False
581,0,2138969,-1,False,False
581,0,2138978,-1,False,False
581,0,2138986,-1,False,False
581,0,2138996,-1,False,False
581,0,2139004,-1,False,False
581,0,2139014,-1,False,False
581,0,2139022,-1,False,False
581,0,2139032,-1,False,False
581,0,2139040,-1,False,False
581,0,2139049,-1,False,False
581,0,2139058,-1,False,False
581,0,2139067,-1,False,False
581,0,2139076,-1,False,False
581,0,2139085,-1,False,False
581,0,2139094,-1,False,False
581,0,2139103,-1,False,False
581,0,2139111,-1,False,False
581,0,2139121,-1,False,False
581,0,2139129,-1,False,False
581,0,2139139,-1,False,False
581,0,2139147,-1,False,False
581,0,2139157,-1,False,False
581,0,2139165,-1,False,False
581,0,2139174,-1,False,False
581,0,2139183,-1,False,False
581,0,2139193,-1,False,False
581,0,2139201,-1,False,False
581,0,2139210,-1,False,False
581,0,2139218,-1,False,False
581,0,2139228,-1,False,False
581,0,2139236,-1,False,False
581,0,2139246,-1,False,False
581,0,2139254,-1,False,False
581,0,2139264,-1,False,False
581,0,2139272,-1,False,False
581,0,2139282,-1,False,False
581,0,2139290,-1,False,False
581,0,2139299,-1,False,False
581,0,2139308,-1,False,False
581,0,2139318,-1,False,False
581,0,2139326,-1,False,False
581,0,2139335,-1,False,False
581,0,2139343,-1,False,False
581,0,2139353,-1,False,False
581,0,2139361,-1,False,False
581,0,2139371,-1,False,False
581,0,2139379,-1,False,False
581,0,2139388,-1,False,False
581,0,2139397,-1,False,False
581,0,2139407,-1,False,False
581,0,2139415,-1,False,False
581,0,2139424,-1,False,False
581,0,2139432,-1,False,False
581,0,2139443,-1,False,False
581,0,2139451,-1,False,False
581,0,2139460,-1,False,False
581,0,2139468,-1,False,False
581,0,2139478,-1,False,False
581,0,2139486,-1,False,False
581,0,2139496,-1,False,False
581,0,2139504,-1,False,False
581,0,2139513,-1,False,False
578,0,2156858,230,3,3
581,0,2146944,47,0,0
581,0,2147121,48,0,0
581,0,2148992,49,1,1
581,0,2149008,50,1,1
581,0,2149217,51,1,1
581,0,2149417,52,1,1
581,0,2149595,53,1,1
581,0,2149824,54,1,1
581,0,2149953,55,1,1
581,0,2150126,56,1,1
581,0,2150210,57,1,1
581,1,2158724,730,8,8
581,1,2158817,731,8,8
581,1,2158916,732,8,8
581,1,2159030,733,8,8
581,1,2159155,734,8,8
581,1,2159275,735,8,8
581,1,2159376,736,8,8
581,1,2159492,737,8,8
581,1,2159633,738,8,8
581,1,2159778,739,8,8
581,1,2159927,740,8,8
580,0,2167818,-1,False,True
580,0,2167821,-1,False,True
580,0,2167831,-1,False,True
580,0,2167839,-1,False,True
580,0,2167848,-1,False,True
580,0,2167857,-1,False,True
580,0,2167866,-1,False,True
580,0,2167874,-1,False,True
580,0,2167884,-1,False,False
580,0,2167892,-1,False,False
580,0,2167902,-1,False,False
580,0,2167910,-1,False,False
580,0,2167919,-1,False,False
580,0,2167928,-1,False,False
580,0,2167938,-1,False,False
580,0,2167946,-1,False,False
580,0,2167955,-1,False,False
580,0,2167963,-1,False,False
580,0,2167973,-1,False,False
580,0,2167982,-1,False,False
580,0,2167991,-1,False,False
580,0,2167999,-1,False,False
580,0,2168009,-1,False,False
580,0,2168017,-1,False,False
580,0,2168027,-1,False,False
580,0,2168035,-1,False,False
580,0,2168044,-1,False,False
580,0,2168053,-1,False,False
580,0,2168062,-1,False,False
580,0,2168071,-1,False,False
580,0,2168080,-1,False,False
580,0,2168088,-1,False,False
580,0,2168098,-1,False,False
580,0,2168107,-1,False,False
580,0,2168116,-1,False,False
580,0,2168124,-1,False,False
580,0,2168134,-1,False,False
580,0,2168142,-1,False,False
580,0,2168152,-1,False,False
580,0,2168160,-1,False,False
580,0,2168169,-1,False,False
580,0,2168178,-1,False,False
580,0,2168187,-1,False,False
580,0,2168196,-1,False,False
580,0,2168205,-1,False,False
580,0,2168213,-1,False,False
580,0,2168223,-1,False,False
580,0,2168231,-1,False,False
580,0,2168241,-1,False,False
580,0,2168249,-1,False,False
580,0,2168259,-1,False,False
580,0,2168267,-1,False,False
580,0,2168276,-1,False,False
580,0,2168285,-1,False,False
580,0,2168294,-1,False,False
580,0,2168303,-1,False,False
580,0,2168312,-1,False,False
580,0,2168321,-1,False,False
580,0,2168330,-1,False,False
580,0,2168338,-1,False,False
580,0,2168348,-1,False,False
580,0,2168356,-1,False,False
580,0,2168366,-1,False,False
580,0,2168374,-1,False,False
580,0,2168384,-1,False,False
580,0,2168392,-1,False,False
580,0,2168401,-1,False,False
580,0,2168410,-1,False,False
580,0,2168420,-1,False,False
580,0,2168428,-1,False,False
580,0,2168437,-1,False,False
580,0,2168445,-1,False,False
580,0,2203094,377,3,3
580,0,2203948,378,3,3
580,0,2204096,379,3,3
580,0,2204228,380,3,3
580,0,2205946,381,4,4
580,0,2206015,382,4,4
580,0,2206140,383,4,4
580,0,2206258,384,4,4
580,0,2206370,385,4,4
580,0,2206480,386,4,4
580,0,2206597,387,4,4
580,0,2206713,388,4,4
580,0,2206823,389,4,4
580,0,2206944,390,4,4
580,0,2207065,391,4,4
580,0,2207190,392,4,4
580,0,2207295,393,4,4
580,0,2207420,394,4,4
580,0,2207541,395,4,4
580,0,2207657,396,4,4
580,0,2207779,397,4,4
580,0,2207911,398,4,4
580,0,2208037,399,4,4
580,0,2208161,400,4,4
580,0,2208283,401,4,4
580,0,2208407,402,4,4
580,0,2208536,403,4,4
580,0,2208657,404,4,4
580,0,2208915,405,4,4
580,0,2209032,406,4,4
580,0,2209153,407,4,4
580,0,2209277,408,4,4
580,0,2209402,409,4,4
580,0,2209531,410,4,4
580,0,2209664,411,4,4
580,0,2209788,412,4,4
580,0,2209917,413,4,4
580,0,2210045,414,4,4
580,0,2210166,415,4,4
580,0,2210291,416,4,4
580,0,2210428,417,4,4
580,0,2210573,418,4,4
580,0,2210728,419,4,4
580,0,2210834,420,4,4
580,0,2210982,421,4,4
580,0,2211103,422,4,4
580,0,2211235,423,4,4
580,0,2211388,424,4,4
580,0,2211532,425,4,4
580,0,2211673,426,4,4
580,0,2211814,427,4,4
580,0,2211961,428,4,4
580,0,2212110,429,4,4
580,0,2212250,430,4,4
580,0,2212379,431,4,4
580,0,2212862,432,4,4
578,1,2227916,408,7,7
579,0,2233388,478,5,5
579,0,2233535,479,5,5
579,0,2233875,480,5,5
579,0,2234041,481,5,5
578,0,2244499,231,3,3
578,0,2244754,232,3,3
578,0,2246460,233,4,4
578,0,2246509,234,4,4
578,0,2246627,235,4,4
578,0,2246732,236,4,4
578,0,2246842,237,4,4
578,0,2246963,238,4,4
578,0,2247065,239,4,4
578,0,2247417,240,4,4
578,0,2247546,241,4,4
578,0,2247793,242,4,4
578,0,2248029,243,4,4
578,0,2248150,244,4,4
578,0,2248279,245,4,4
578,0,2248404,246,4,4
578,0,2248525,247,4,4
578,0,2248650,248,4,4
578,0,2248772,249,4,4
578,0,2248894,250,4,4
578,0,2249027,251,4,4
578,0,2249180,252,4,4
578,0,2249292,253,4,4
578,0,2249414,254,4,4
578,0,2249536,255,4,4
578,0,2249654,256,4,4
578,0,2249791,257,4,4
578,0,2249908,258,4,4
578,0,2250025,259,4,4
578,0,2250150,260,4,4
578,0,2250280,261,4,4
578,0,2250397,262,4,4
578,0,2250534,263,4,4
578,0,2250652,264,4,4
578,0,2250777,265,4,4
578,0,2250899,266,4,4
578,0,2251032,267,4,4
578,0,2251169,268,4,4
578,0,2251298,269,4,4
578,0,2251431,270,4,4
578,0,2251560,271,4,4
578,0,2251694,272,4,4
578,0,2251827,273,4,4
578,0,2251971,274,4,4
578,0,2252112,275,4,4
578,0,2252241,276,4,4
578,0,2252371,277,4,4
578,0,2252512,278,4,4
578,0,2252649,279,4,4
578,0,2252939,280,4,4
578,0,2253076,281,4,4
578,0,2253213,282,4,4
581,1,2244175,741,8,8
581,1,2244292,742,8,8
581,1,2244392,743,8,8
581,1,2244497,744,8,8
581,1,2244618,745,8,8
581,1,2244758,746,8,8
581,1,2244891,747,8,8
581,1,2245041,748,8,8
581,1,2245185,749,8,8
581,1,2245314,750,8,8
581,1,2245463,751,8,8
581,1,2245592,752,8,8
581,1,2245736,753,8,8
581,1,2245909,754,8,8
581,1,2246038,755,8,8
581,1,2246199,756,8,8
581,1,2246355,757,8,8
581,1,2246537,758,8,8
581,1,2246658,759,8,8
581,1,2246786,760,8,8
581,1,2246964,761,8,8
581,1,2247108,762,8,8
581,1,2249092,763,8,8
581,1,2249224,764,8,8
581,1,2249336,765,8,8
581,1,2249494,766,8,8
581,1,2249651,767,8,8
578,0,2278406,283,4,4
578,0,2278528,284,4,4
578,0,2278637,285,4,4
578,0,2278743,286,4,4
578,0,2278873,287,4,4
578,0,2278978,288,4,4
578,0,2279092,289,4,4
578,0,2279205,290,4,4
578,0,2279311,291,4,4
578,0,2279425,292,4,4
578,0,2279537,293,4,4
578,0,2279648,294,4,4
578,0,2279766,295,4,4
578,0,2279886,296,4,4
578,0,2280007,297,4,4
578,0,2280137,298,4,4
580,0,2266932,-1,True,False
580,0,2266935,-1,True,False
578,0,2280278,299,4,4
580,0,2266944,-1,True,False
580,0,2266952,-1,True,False
580,0,2266961,-1,True,False
580,0,2266970,-1,True,False
580,0,2266980,-1,True,False
580,0,2266988,-1,True,False
580,0,2266997,-1,True,False
580,0,2267005,-1,False,False
580,0,2267015,-1,False,False
580,0,2267023,-1,False,False
580,0,2267033,-1,False,False
578,0,2280395,300,4,4
580,0,2267041,-1,False,False
580,0,2267051,-1,False,False
580,0,2267059,-1,False,False
580,0,2267069,-1,False,False
580,0,2267077,-1,False,False
580,0,2267086,-1,False,False
580,0,2267095,-1,False,False
580,0,2267105,-1,False,False
580,0,2267113,-1,False,False
580,0,2267122,-1,False,False
580,0,2267130,-1,False,False
580,0,2267140,-1,False,False
580,0,2267148,-1,False,False
580,0,2267158,-1,False,False
578,0,2280528,301,4,4
580,0,2267166,-1,False,False
580,0,2267175,-1,False,False
580,0,2267184,-1,False,False
580,0,2267194,-1,False,False
580,0,2267202,-1,False,False
580,0,2267211,-1,False,False
580,0,2267219,-1,False,False
580,0,2267230,-1,False,False
580,0,2267238,-1,False,False
580,0,2267247,-1,False,False
580,0,2267255,-1,False,False
580,0,2267265,-1,False,False
578,0,2280657,302,4,4
580,0,2267273,-1,False,False
580,0,2267283,-1,False,False
580,0,2267291,-1,False,False
580,0,2267300,-1,False,False
580,0,2267309,-1,False,False
580,0,2267319,-1,False,False
580,0,2267327,-1,False,False
580,0,2267336,-1,False,False
580,0,2267344,-1,False,False
580,0,2267355,-1,False,False
580,0,2267363,-1,False,False
580,0,2267372,-1,False,False
580,0,2267380,-1,False,False
578,0,2280799,303,4,4
578,0,2282769,304,4,4
580,1,2269891,1549,12,12
580,1,2270098,1550,12,12
580,1,2270216,1551,12,12
580,1,2270356,1552,12,12
580,1,2272065,1553,13,13
580,1,2272194,1554,13,13
580,1,2272315,1555,13,13
580,1,2272436,1556,13,13
580,1,2272552,1557,13,13
580,1,2272669,1558,13,13
580,1,2272794,1559,13,13
580,1,2272919,1560,13,13
580,1,2273044,1561,13,13
580,1,2273169,1562,13,13
580,1,2273297,1563,13,13
580,1,2273418,1564,13,13
580,1,2273540,1565,13,13
580,1,2273656,1566,13,13
580,1,2273785,1567,13,13
580,1,2273902,1568,13,13
580,1,2274027,1569,13,13
580,1,2274148,1570,13,13
580,1,2274277,1571,13,13
580,1,2274409,1572,13,13
580,1,2274531,1573,13,13
580,1,2274655,1574,13,13
580,1,2274777,1575,13,13
580,1,2274902,1576,13,13
580,1,2275022,1577,13,13
580,1,2275159,1578,13,13
580,1,2275288,1579,13,13
580,1,2275408,1580,13,13
580,1,2275529,1581,13,13
580,1,2275654,1582,13,13
580,1,2275783,1583,13,13
580,1,2275892,1584,13,13
580,1,2276017,1585,13,13
580,1,2276133,1586,13,13
580,1,2276254,1587,13,13
580,1,2276375,1588,13,13
580,1,2276500,1589,13,13
580,1,2276621,1590,13,13
580,1,2276754,1591,13,13
580,1,2276875,1592,13,13
580,1,2277019,1593,13,13
580,1,2277140,1594,13,13
580,1,2277261,1595,13,13
580,1,2277382,1596,13,13
580,1,2277504,1597,13,13
580,1,2277627,1598,13,13
580,1,2277756,1599,13,13
580,1,2277877,1600,13,13
580,1,2278010,1601,13,13
580,1,2278135,1602,13,13
580,1,2278256,1603,13,13
580,1,2278392,1604,13,13
580,1,2278521,1605,13,13
580,1,2278646,1606,13,13
580,1,2278763,1607,13,13
580,1,2278892,1608,13,13
580,1,2279017,1609,13,13
580,1,2279157,1610,13,13
580,1,2279278,1611,13,13
580,1,2279406,1612,13,13
580,1,2279535,1613,13,13
580,1,2279660,1614,13,13
580,1,2279796,1615,13,13
580,1,2279921,1616,13,13
580,1,2280050,1617,13,13
580,1,2280175,1618,13,13
580,1,2280304,1619,13,13
580,1,2280429,1620,13,13
580,1,2280573,1621,13,13
580,1,2280694,1622,13,13
580,1,2280822,1623,13,13
580,1,2280971,1624,13,13
580,1,2281100,1625,13,13
580,1,2281221,1626,13,13
580,1,2281354,1627,13,13
580,1,2281470,1628,13,13
580,1,2281600,1629,13,13
578,0,2295049,-1,True,False
578,0,2295053,-1,True,False
578,0,2295062,-1,True,False
578,0,2295070,-1,True,False
580,1,2281728,1630,13,13
578,0,2295079,-1,True,False
580,1,2281869,1631,13,13
580,1,2282016,1632,13,13
580,1,2282145,1633,13,13
580,1,2282274,1634,13,13
580,1,2282415,1635,13,13
580,1,2282570,1636,13,13
580,1,2282691,1637,13,13
580,1,2282823,1638,13,13
580,1,2282976,1639,13,13
578,1,2297829,409,7,7
578,1,2297947,410,7,7
578,1,2298067,411,7,7
578,1,2298209,412,7,7
578,0,2305570,-1,True,False
578,0,2305573,-1,True,False
578,0,2305584,-1,True,False
578,0,2305592,-1,True,False
578,0,2305601,-1,True,False
578,0,2305609,-1,True,False
578,0,2305618,-1,True,False
578,0,2305627,-1,True,False
578,0,2305636,-1,True,False
578,0,2305644,-1,False,False
578,0,2305654,-1,False,False
578,0,2305662,-1,False,False
578,0,2305672,-1,False,False
578,0,2305680,-1,False,False
578,0,2305690,-1,False,False
578,0,2305698,-1,False,False
578,0,2305708,-1,False,False
578,0,2305716,-1,False,False
578,0,2305725,-1,False,False
578,0,2305733,-1,False,False
578,0,2305743,-1,False,False
578,0,2305752,-1,False,False
578,0,2305761,-1,False,False
581,1,2294971,768,8,8
581,1,2295084,769,8,8
581,1,2295244,770,8,8
581,1,2295349,771,8,8
579,0,2309836,-1,True,False
579,0,2309839,-1,True,False
579,0,2309850,-1,True,False
579,0,2309858,-1,True,False
579,0,2309867,-1,True,False
579,0,2309875,-1,True,False
579,0,2309884,-1,True,False
579,0,2309893,-1,True,False
579,0,2309902,-1,True,False
579,0,2309910,-1,False,False
579,0,2309920,-1,False,False
579,0,2309928,-1,False,False
579,0,2309938,-1,False,False
579,0,2309946,-1,False,False
579,0,2309956,-1,False,False
579,0,2309964,-1,False,False
579,0,2309974,-1,False,False
579,0,2309982,-1,False,False
579,0,2309992,-1,False,False
579,0,2310000,-1,False,False
579,0,2310009,-1,False,False
579,0,2310018,-1,False,False
579,0,2310027,-1,False,False
579,0,2310035,-1,False,False
579,0,2310045,-1,False,False
579,0,2310053,-1,False,False
579,0,2310063,-1,False,False
579,0,2310071,-1,False,False
579,0,2310081,-1,False,False
579,0,2310089,-1,False,False
579,0,2310098,-1,False,False
579,0,2310107,-1,False,False
579,0,2310117,-1,False,False
579,0,2310125,-1,False,False
579,0,2310134,-1,False,False
579,0,2310142,-1,False,False
579,0,2310152,-1,False,False
579,0,2310161,-1,False,False
579,0,2310170,-1,False,False
579,0,2310178,-1,False,False
579,0,2310188,-1,False,False
580,0,2317673,-1,False,True
580,0,2317676,-1,False,True
580,0,2317686,-1,False,True
580,0,2317694,-1,False,True
580,0,2317704,-1,False,True
580,0,2317712,-1,False,True
580,0,2317721,-1,False,True
580,0,2317729,-1,False,True
580,0,2317739,-1,False,False
580,0,2317748,-1,False,False
580,0,2317757,-1,False,False
580,0,2317765,-1,False,False
580,0,2317774,-1,False,False
580,0,2317783,-1,False,False
580,0,2317793,-1,False,False
580,0,2317801,-1,False,False
580,0,2317810,-1,False,False
580,0,2317818,-1,False,False
580,0,2317829,-1,False,False
580,0,2317837,-1,False,False
580,0,2317846,-1,False,False
580,0,2317854,-1,False,False
580,0,2317864,-1,False,False
580,0,2317873,-1,False,False
580,0,2317882,-1,False,False
580,0,2317890,-1,False,False
580,0,2317899,-1,False,False
580,0,2317907,-1,False,False
580,0,2317918,-1,False,False
580,0,2317926,-1,False,False
580,0,2317935,-1,False,False
580,0,2317943,-1,False,False
580,0,2317954,-1,False,False
580,0,2317962,-1,False,False
580,0,2317971,-1,False,False
580,0,2317979,-1,False,False
580,0,2317989,-1,False,False
580,0,2317998,-1,False,False
580,0,2318007,-1,False,False
580,0,2318015,-1,False,False
580,0,2318024,-1,False,False
580,0,2318032,-1,False,False
580,0,2318043,-1,False,False
580,0,2318051,-1,False,False
580,1,2330833,1640,13,13
580,1,2330943,1641,13,13
580,1,2331064,1642,13,13
580,1,2331165,1643,13,13
580,1,2332859,1644,14,14
580,1,2332983,1645,14,14
580,1,2333100,1646,14,14
580,1,2333217,1647,14,14
580,1,2333334,1648,14,14
580,1,2333447,1649,14,14
580,1,2333569,1650,14,14
580,1,2333685,1651,14,14
580,1,2333810,1652,14,14
580,1,2333927,1653,14,14
580,1,2334060,1654,14,14
580,1,2334181,1655,14,14
580,1,2334310,1656,14,14
580,1,2334435,1657,14,14
580,1,2334582,1658,14,14
580,1,2334859,1659,14,14
580,1,2334988,1660,14,14
580,1,2335117,1661,14,14
580,1,2335249,1662,14,14
580,1,2335371,1663,14,14
580,1,2335511,1664,14,14
580,1,2335628,1665,14,14
580,1,2335757,1666,14,14
580,1,2335878,1667,14,14
580,1,2336007,1668,14,14
580,1,2336132,1669,14,14
580,1,2336260,1670,14,14
580,1,2336389,1671,14,14
580,1,2336548,1672,14,14
580,1,2336712,1673,14,14
580,1,2336833,1674,14,14
580,1,2336962,1675,14,14
580,1,2337095,1676,14,14
580,1,2337216,1677,14,14
580,1,2337341,1678,14,14
580,1,2337458,1679,14,14
580,1,2337583,1680,14,14
580,1,2337699,1681,14,14
580,1,2337831,1682,14,14
580,1,2337952,1683,14,14
580,1,2338073,1684,14,14
580,1,2338198,1685,14,14
580,1,2338342,1686,14,14
580,1,2338467,1687,14,14
580,1,2338757,1688,14,14
580,1,2338885,1689,14,14
580,1,2339010,1690,14,14
580,1,2339138,1691,14,14
580,1,2339267,1692,14,14
580,1,2339400,1693,14,14
580,1,2339524,1694,14,14
581,0,2340224,-1,True,False
581,0,2340227,-1,True,False
581,0,2340236,-1,True,False
581,0,2340244,-1,True,False
581,0,2340253,-1,True,False
581,0,2340261,-1,True,False
581,0,2340272,-1,True,False
581,0,2340280,-1,False,False
581,0,2340289,-1,False,False
580,1,2339657,1695,14,14
581,0,2340297,-1,False,False
581,0,2340307,-1,False,False
581,0,2340316,-1,False,False
581,0,2340325,-1,False,False
581,0,2340333,-1,False,False
581,0,2340342,-1,False,False
581,0,2340350,-1,False,False
581,0,2340361,-1,False,False
581,0,2340369,-1,False,False
581,0,2340378,-1,False,False
581,0,2340386,-1,False,False
581,0,2340397,-1,False,False
581,0,2340405,-1,False,False
581,0,2340414,-1,False,False
581,0,2340422,-1,False,False
581,0,2340432,-1,False,False
580,1,2339798,1696,14,14
581,0,2340441,-1,False,False
581,0,2340450,-1,False,False
581,0,2340458,-1,False,False
581,0,2340467,-1,False,False
581,0,2340475,-1,False,False
581,0,2340486,-1,False,False
581,0,2340494,-1,False,False
581,0,2340503,-1,False,False
581,0,2340511,-1,False,False
581,0,2340521,-1,False,False
581,0,2340530,-1,False,False
581,0,2340539,-1,False,False
581,0,2340547,-1,False,False
581,0,2340557,-1,False,False
581,0,2340566,-1,False,False
581,0,2340575,-1,False,False
580,1,2339942,1697,14,14
581,0,2340583,-1,False,False
581,0,2340592,-1,False,False
581,0,2340601,-1,False,False
581,0,2340611,-1,False,False
581,0,2340619,-1,False,False
581,0,2340628,-1,False,False
581,0,2340636,-1,False,False
581,0,2340646,-1,False,False
581,0,2340655,-1,False,False
581,0,2340664,-1,False,False
581,0,2340672,-1,False,False
581,0,2340682,-1,False,False
581,0,2340690,-1,False,False
581,0,2340700,-1,False,False
581,0,2340708,-1,False,False
581,0,2340717,-1,False,False
581,0,2340726,-1,False,False
581,0,2340736,-1,False,False
581,0,2340744,-1,False,False
581,0,2340753,-1,False,False
581,0,2340761,-1,False,False
581,0,2340771,-1,False,False
581,0,2340780,-1,False,False
581,0,2340789,-1,False,False
581,0,2340797,-1,False,False
581,0,2340807,-1,False,False
581,0,2340815,-1,False,False
581,0,2340825,-1,False,False
581,0,2340833,-1,False,False
581,0,2340842,-1,False,False
581,0,2340851,-1,False,False
581,0,2340860,-1,False,False
581,0,2340869,-1,False,False
581,0,2340878,-1,False,False
581,0,2340886,-1,False,False
581,0,2340896,-1,False,False
581,0,2340904,-1,False,False
581,0,2340914,-1,False,False
581,0,2340922,-1,False,False
581,0,2340932,-1,False,False
581,0,2340940,-1,False,False
581,0,2340950,-1,False,False
581,0,2340958,-1,False,False
581,0,2340968,-1,False,False
581,0,2340976,-1,False,False
581,0,2340985,-1,False,False
581,0,2340994,-1,False,False
578,0,2359078,305,4,4
578,0,2359224,306,4,4
578,0,2359462,307,4,4
578,0,2359611,308,4,4
578,0,2361462,309,5,5
578,0,2361515,310,5,5
578,0,2361624,311,5,5
578,0,2361757,312,5,5
578,0,2361972,313,5,5
578,0,2362661,314,5,5
578,0,2362904,315,5,5
578,0,2363140,316,5,5
578,0,2363382,317,5,5
578,0,2363618,318,5,5
578,0,2363856,319,5,5
578,0,2363974,320,5,5
578,0,2364096,321,5,5
578,0,2364221,322,5,5
578,0,2364357,323,5,5
578,0,2364483,324,5,5
578,0,2364612,325,5,5
578,0,2364734,326,5,5
578,0,2364863,327,5,5
578,0,2364981,328,5,5
578,0,2365117,329,5,5
578,0,2365247,330,5,5
578,0,2365380,331,5,5
578,0,2365509,332,5,5
578,0,2365638,333,5,5
578,0,2365764,334,5,5
578,0,2365889,335,5,5
578,0,2366022,336,5,5
578,0,2366148,337,5,5
578,0,2366277,338,5,5
578,0,2366402,339,5,5
578,0,2366536,340,5,5
578,0,2366661,341,5,5
578,0,2366787,342,5,5
578,0,2366915,343,5,5
578,0,2367044,344,5,5
578,0,2367182,345,5,5
578,0,2367311,346,5,5
578,0,2367444,347,5,5
578,0,2367574,348,5,5
578,0,2367703,349,5,5
578,0,2367840,350,5,5
578,0,2367973,351,5,5
578,0,2368107,352,5,5
578,0,2368236,353,5,5
578,0,2368369,354,5,5
578,0,2368498,355,5,5
578,0,2368627,356,5,5
578,0,2368769,357,5,5
578,0,2368902,358,5,5
578,0,2369019,359,5,5
578,0,2369169,360,5,5
578,0,2369301,361,5,5
578,0,2369427,362,5,5
578,0,2369556,363,5,5
578,0,2369693,364,5,5
578,0,2369822,365,5,5
578,0,2369951,366,5,5
578,0,2370088,367,5,5
578,0,2370230,368,5,5
578,0,2370363,369,5,5
578,0,2370508,370,5,5
578,0,2370637,371,5,5
578,0,2370770,372,5,5
578,0,2370904,373,5,5
580,0,2357431,-1,False,True
580,0,2357434,-1,False,True
580,0,2357443,-1,False,True
580,0,2357451,-1,False,True
580,0,2357462,-1,False,True
580,0,2357470,-1,False,True
580,0,2357479,-1,False,True
580,0,2357487,-1,False,True
580,0,2357496,-1,False,False
578,0,2371045,374,5,5
580,0,2357505,-1,False,False
580,0,2357515,-1,False,False
580,0,2357523,-1,False,False
580,0,2357532,-1,False,False
580,0,2357540,-1,False,False
580,0,2357550,-1,False,False
580,0,2357558,-1,False,False
580,0,2357568,-1,False,False
580,0,2357576,-1,False,False
580,0,2357585,-1,False,False
580,0,2357594,-1,False,False
580,0,2357604,-1,False,False
580,0,2357612,-1,False,False
578,0,2371182,375,5,5
580,0,2357621,-1,False,False
580,0,2357629,-1,False,False
580,0,2357640,-1,False,False
580,0,2357648,-1,False,False
580,0,2357657,-1,False,False
580,0,2357665,-1,False,False
580,0,2357675,-1,False,False
580,0,2357684,-1,False,False
580,0,2357693,-1,False,False
580,0,2357701,-1,False,False
580,0,2357710,-1,False,False
578,0,2371315,376,5,5
580,0,2357719,-1,False,False
580,0,2357729,-1,False,False
580,0,2357737,-1,False,False
580,0,2357746,-1,False,False
580,0,2357754,-1,False,False
580,0,2357765,-1,False,False
580,0,2357773,-1,False,False
580,0,2357782,-1,False,False
580,0,2357790,-1,False,False
580,0,2357799,-1,False,False
580,0,2357809,-1,False,False
580,0,2357818,-1,False,False
580,0,2357826,-1,False,False
580,0,2357835,-1,False,False
580,0,2357843,-1,False,False
578,0,2371597,377,5,5
578,0,2371719,378,5,5
578,0,2371855,379,5,5
578,0,2372004,380,5,5
578,0,2372137,381,5,5
581,0,2362697,58,1,1
581,0,2363522,59,1,1
581,0,2363715,60,1,1
581,0,2364254,61,1,1
581,0,2368635,62,2,2
578,0,2381582,382,5,5
578,0,2381696,383,5,5
578,0,2381829,384,5,5
578,0,2381950,385,5,5
578,0,2382106,386,5,5
578,0,2382263,387,5,5
578,0,2382415,388,5,5
578,0,2382565,389,5,5
578,0,2382702,390,5,5
578,0,2382855,391,5,5
578,0,2382988,392,5,5
578,0,2383415,393,5,5
578,0,2383619,394,5,5
578,0,2383822,395,5,5
578,0,2383986,396,5,5
579,1,2401914,27,0,0
579,1,2402053,28,0,0
579,1,2402246,29,0,0
579,1,2402436,30,0,0
579,1,2404183,31,1,1
579,1,2404257,32,1,1
579,1,2404404,33,1,1
579,1,2404594,34,1,1
579,1,2404787,35,1,1
580,1,2401065,1698,14,14
579,1,2405022,36,1,1
580,1,2401163,1699,14,14
580,1,2401361,1700,14,14
580,1,2401468,1701,14,14
580,1,2403158,1702,15,15
580,1,2403216,1703,15,15
580,1,2403333,1704,15,15
580,1,2403462,1705,15,15
580,1,2403582,1706,15,15
580,1,2403712,1707,15,15
580,1,2403832,1708,15,15
580,1,2403961,1709,15,15
580,1,2404089,1710,15,15
580,1,2404214,1711,15,15
580,1,2404335,1712,15,15
580,1,2404463,1713,15,15
580,1,2404585,1714,15,15
581,1,2405415,772,8,8
580,1,2404713,1715,15,15
580,1,2404838,1716,15,15
581,1,2405568,773,8,8
581,1,2405669,774,8,8
580,1,2404963,1717,15,15
581,1,2405810,775,8,8
580,1,2405092,1718,15,15
581,1,2405907,776,8,8
580,1,2405228,1719,15,15
581,1,2406007,777,8,8
581,1,2406131,778,8,8
580,1,2405525,1720,15,15
581,1,2406273,779,8,8
580,1,2405639,1721,15,15
581,1,2406373,780,8,8
580,1,2405760,1722,15,15
581,1,2406522,781,8,8
580,1,2405876,1723,15,15
581,1,2406659,782,8,8
580,1,2405993,1724,15,15
581,1,2406791,783,8,8
580,1,2406103,1725,15,15
581,1,2406940,784,8,8
580,1,2406227,1726,15,15
580,1,2406341,1727,15,15
581,1,2407117,785,8,8
580,1,2406469,1728,15,15
581,1,2407233,786,8,8
580,1,2406590,1729,15,15
581,1,2407374,787,8,8
580,1,2406712,1730,15,15
581,1,2407556,788,8,8
580,1,2406833,1731,15,15
580,1,2406958,1732,15,15
581,1,2407701,789,8,8
580,1,2407074,1733,15,15
580,1,2407211,1734,15,15
580,1,2407331,1735,15,15
580,1,2407453,1736,15,15
580,1,2407574,1737,15,15
580,1,2407691,1738,15,15
580,1,2407824,1739,15,15
580,1,2407949,1740,15,15
580,1,2408077,1741,15,15
580,1,2408202,1742,15,15
580,1,2408327,1743,15,15
580,1,2408460,1744,15,15
580,1,2408588,1745,15,15
580,1,2408710,1746,15,15
580,1,2408830,1747,15,15
580,1,2408971,1748,15,15
580,1,2409103,1749,15,15
580,1,2409232,1750,15,15
580,1,2409353,1751,15,15
580,1,2409478,1752,15,15
580,1,2409611,1753,15,15
580,1,2409736,1754,15,15
580,1,2409872,1755,15,15
580,1,2410001,1756,15,15
580,1,2410129,1757,15,15
580,1,2410254,1758,15,15
580,1,2410375,1759,15,15
580,1,2410504,1760,15,15
580,1,2410637,1761,15,15
580,1,2410766,1762,15,15
580,1,2410894,1763,15,15
580,1,2411027,1764,15,15
580,1,2411148,1765,15,15
578,1,2424867,413,7,7
580,1,2411280,1766,15,15
578,1,2424966,414,7,7
580,1,2411428,1767,15,15
578,1,2425106,415,7,7
580,1,2411569,1768,15,15
578,1,2425247,416,7,7
580,1,2411691,1769,15,15
578,1,2425384,417,7,7
580,1,2411819,1770,15,15
578,1,2425517,418,7,7
578,1,2425643,419,7,7
578,1,2425803,420,7,7
578,1,2425952,421,7,7
578,1,2426073,422,7,7
578,1,2426222,423,7,7
578,1,2426540,424,7,7
578,0,2459895,397,5,5
578,0,2469197,398,5,5
581,0,2456739,-1,True,False
581,0,2456743,-1,True,False
581,0,2456753,-1,True,False
581,0,2456761,-1,True,False
581,0,2456770,-1,True,False
581,0,2456778,-1,True,False
581,0,2456787,-1,True,False
581,0,2456796,-1,True,False
581,0,2456806,-1,True,False
581,0,2456814,-1,False,False
581,0,2456823,-1,False,False
581,0,2456832,-1,False,False
581,0,2456841,-1,False,False
581,0,2456849,-1,False,False
581,0,2456859,-1,False,False
581,0,2456867,-1,False,False
581,0,2456877,-1,False,False
581,0,2456885,-1,False,False
581,0,2456895,-1,False,False
581,0,2456903,-1,False,False
581,0,2456912,-1,False,False
581,0,2456921,-1,False,False
581,0,2456931,-1,False,False
581,0,2456939,-1,False,False
581,0,2456948,-1,False,False
581,0,2456956,-1,False,False
581,0,2456966,-1,False,False
581,0,2456975,-1,False,False
581,0,2456984,-1,False,False
581,0,2456992,-1,False,False
581,0,2457001,-1,False,False
581,0,2457010,-1,False,False
581,0,2457020,-1,False,False
581,0,2457028,-1,False,False
581,0,2457037,-1,False,False
581,0,2457046,-1,False,False
581,0,2457056,-1,False,False
581,0,2457064,-1,False,False
581,0,2457073,-1,False,False
581,0,2457081,-1,False,False
581,0,2457091,-1,False,False
581,0,2457100,-1,False,False
581,0,2457109,-1,False,False
581,0,2457117,-1,False,False
581,0,2457126,-1,False,False
581,0,2457135,-1,False,False
581,0,2457145,-1,False,False
581,0,2457153,-1,False,False
581,0,2457162,-1,False,False
581,0,2457170,-1,False,False
581,0,2457181,-1,False,False
581,0,2457189,-1,False,False
581,0,2457198,-1,False,False
581,0,2457206,-1,False,False
581,0,2457216,-1,False,False
581,0,2457225,-1,False,False
581,0,2457234,-1,False,False
581,0,2457242,-1,False,False
581,0,2457251,-1,False,False
581,0,2457260,-1,False,False
581,0,2457270,-1,False,False
581,0,2457278,-1,False,False
581,0,2457287,-1,False,False
581,0,2457295,-1,False,False
581,0,2457306,-1,False,False
581,0,2457314,-1,False,False
581,0,2457323,-1,False,False
581,0,2457331,-1,False,False
581,0,2457340,-1,False,False
581,0,2457350,-1,False,False
581,0,2457359,-1,False,False
581,0,2457367,-1,False,False
581,0,2457376,-1,False,False
581,0,2457384,-1,False,False
581,0,2457395,-1,False,False
581,0,2457403,-1,False,False
581,0,2457412,-1,False,False
581,0,2457420,-1,False,False
581,0,2457431,-1,False,False
581,0,2457439,-1,False,False
581,0,2457448,-1,False,False
581,0,2457456,-1,False,False
581,0,2457466,-1,False,False
581,0,2457475,-1,False,False
581,0,2457484,-1,False,False
581,0,2457492,-1,False,False
581,0,2457501,-1,False,False
581,0,2457509,-1,False,False
581,0,2457520,-1,False,False
581,0,2457528,-1,False,False
581,0,2457537,-1,False,False
581,0,2457545,-1,False,False
581,0,2457555,-1,False,False
581,0,2457564,-1,False,False
581,0,2457573,-1,False,False
581,0,2457581,-1,False,False
581,0,2457591,-1,False,False
581,0,2457600,-1,False,False
581,0,2457609,-1,False,False
581,0,2457617,-1,False,False
581,0,2457626,-1,False,False
581,0,2457634,-1,False,False
581,0,2457645,-1,False,False
581,0,2457653,-1,False,False
581,0,2457662,-1,False,False
581,0,2457670,-1,False,False
581,0,2457680,-1,False,False
581,0,2457689,-1,False,False
581,0,2457698,-1,False,False
581,0,2457706,-1,False,False
581,0,2457716,-1,False,False
581,0,2457724,-1,False,False
581,0,2457734,-1,False,False
581,0,2457742,-1,False,False
578,0,2480210,399,5,5
578,0,2480531,400,5,5
578,0,2480606,401,5,5
581,1,2469037,790,8,8
581,1,2469169,791,8,8
581,1,2469325,792,8,8
581,1,2469435,793,8,8
581,1,2471188,794,9,9
581,1,2473748,795,9,9
581,1,2473909,796,9,9
581,1,2474001,797,9,9
581,1,2474098,798,9,9
581,1,2474199,799,9,9
581,1,2474299,800,9,9
581,1,2474412,801,9,9
581,1,2474520,802,9,9
581,1,2474629,803,9,9
581,1,2474737,804,9,9
581,1,2474851,805,9,9
581,1,2474967,806,9,9
581,1,2475087,807,9,9
581,1,2475204,808,9,9
581,1,2475317,809,9,9
581,1,2475429,810,9,9
581,1,2475554,811,9,9
581,1,2475679,812,9,9
581,1,2475811,813,9,9
581,1,2475944,814,9,9
581,1,2476234,815,9,9
581,1,2476355,816,9,9
581,1,2476472,817,9,9
581,1,2476593,818,9,9
581,1,2476717,819,9,9
581,1,2476846,820,9,9
581,1,2476971,821,9,9
581,1,2477104,822,9,9
581,1,2477233,823,9,9
581,1,2477357,824,9,9
581,1,2477477,825,9,9
581,1,2477627,826,9,9
581,1,2477755,827,9,9
581,1,2477903,828,9,9
580,0,2477155,-1,False,True
580,0,2477158,-1,False,True
580,0,2477167,-1,False,True
580,0,2477175,-1,False,True
580,0,2477186,-1,False,True
580,0,2477194,-1,False,True
580,0,2477203,-1,False,True
581,1,2478036,829,9,9
580,0,2477211,-1,False,True
580,0,2477220,-1,False,False
580,0,2477229,-1,False,False
580,0,2477239,-1,False,False
580,0,2477247,-1,False,False
580,0,2477256,-1,False,False
580,0,2477264,-1,False,False
580,0,2477274,-1,False,False
580,0,2477282,-1,False,False
580,0,2477292,-1,False,False
580,0,2477300,-1,False,False
580,0,2477309,-1,False,False
580,0,2477318,-1,False,False
580,0,2477328,-1,False,False
580,0,2477336,-1,False,False
580,0,2477345,-1,False,False
580,0,2477353,-1,False,False
580,0,2477364,-1,False,False
580,0,2477372,-1,False,False
580,0,2477381,-1,False,False
580,0,2477389,-1,False,False
580,0,2477399,-1,False,False
580,0,2477407,-1,False,False
581,1,2478343,830,9,9
581,1,2478491,831,9,9
581,1,2478624,832,9,9
581,1,2478749,833,9,9
581,1,2478874,834,9,9
581,1,2479014,835,9,9
581,1,2479183,836,9,9
581,1,2479304,837,9,9
581,1,2479429,838,9,9
581,1,2479562,839,9,9
581,1,2479698,840,9,9
581,1,2479867,841,9,9
581,1,2479996,842,9,9
581,1,2480121,843,9,9
581,1,2480266,844,9,9
581,1,2480435,845,9,9
581,1,2480572,846,9,9
581,1,2480733,847,9,9
581,1,2480898,848,9,9
581,1,2481046,849,9,9
581,1,2481196,850,9,9
581,1,2481369,851,9,9
581,1,2481514,852,9,9
581,1,2481667,853,9,9
581,1,2481811,854,9,9
581,1,2481976,855,9,9
581,1,2482153,856,9,9
581,1,2482338,857,9,9
581,1,2482439,858,9,9
581,1,2482583,859,9,9
581,1,2482760,860,9,9
581,1,2482918,861,9,9
581,1,2483075,862,9,9
581,1,2483235,863,9,9
581,1,2483400,864,9,9
581,1,2483634,865,9,9
581,1,2483762,866,9,9
581,1,2483915,867,9,9
578,0,2497026,-1,True,False
578,0,2497029,-1,True,False
581,1,2484080,868,9,9
578,0,2497038,-1,True,False
578,0,2497046,-1,True,False
578,0,2497056,-1,True,False
578,0,2497064,-1,True,False
578,0,2497074,-1,True,False
578,0,2497082,-1,True,False
578,0,2497091,-1,True,False
578,0,2497099,-1,False,False
578,0,2497108,-1,False,False
578,0,2497118,-1,False,False
578,0,2497127,-1,False,False
578,0,2497135,-1,False,False
578,0,2497144,-1,False,False
578,0,2497153,-1,False,False
578,0,2497163,-1,False,False
578,0,2497171,-1,False,False
578,0,2497180,-1,False,False
581,1,2484241,869,9,9
578,0,2497188,-1,False,False
578,0,2497199,-1,False,False
578,0,2497207,-1,False,False
578,0,2497216,-1,False,False
578,0,2497224,-1,False,False
578,0,2497234,-1,False,False
578,0,2497243,-1,False,False
578,0,2497252,-1,False,False
578,0,2497260,-1,False,False
578,0,2497269,-1,False,False
578,0,2497277,-1,False,False
578,0,2497288,-1,False,False
578,0,2497296,-1,False,False
578,0,2497305,-1,False,False
578,0,2497313,-1,False,False
578,0,2497324,-1,False,False
578,0,2497332,-1,False,False
578,0,2497341,-1,False,False
578,0,2497349,-1,False,False
578,0,2497359,-1,False,False
578,0,2497368,-1,False,False
578,0,2497377,-1,False,False
578,0,2497385,-1,False,False
578,0,2497394,-1,False,False
578,0,2497402,-1,False,False
578,0,2497413,-1,False,False
578,0,2497421,-1,False,False
578,0,2497430,-1,False,False
578,0,2497438,-1,False,False
578,0,2497448,-1,False,False
578,0,2497457,-1,False,False
581,1,2484583,870,9,9
578,0,2497466,-1,False,False
578,0,2497474,-1,False,False
581,1,2484716,871,9,9
581,1,2484909,872,9,9
581,1,2485094,873,9,9
581,1,2485207,874,9,9
581,1,2485360,875,9,9
581,1,2485520,876,9,9
581,1,2485661,877,9,9
581,1,2485822,878,9,9
581,1,2486028,879,9,9
581,1,2486193,880,9,9
581,1,2486318,881,9,9
581,1,2486478,882,9,9
581,1,2486643,883,9,9
581,1,2486829,884,9,9
581,1,2487154,885,9,9
581,1,2487307,886,9,9
580,0,2486520,433,4,4
581,1,2487472,887,9,9
580,0,2486688,434,4,4
581,1,2487613,888,9,9
580,0,2486781,435,4,4
581,1,2487757,889,9,9
580,0,2486953,436,4,4
581,1,2487919,890,9,9
581,1,2488116,891,9,9
581,1,2488264,892,9,9
581,1,2488430,893,9,9
581,1,2488562,894,9,9
580,0,2488655,437,5,5
580,0,2488689,438,5,5
580,0,2488810,439,5,5
580,0,2488927,440,5,5
580,0,2489049,441,5,5
580,0,2489161,442,5,5
580,0,2489290,443,5,5
580,0,2489399,444,5,5
580,0,2489524,445,5,5
580,0,2489649,446,5,5
580,0,2489766,447,5,5
580,0,2489890,448,5,5
580,0,2490012,449,5,5
580,0,2490129,450,5,5
580,0,2490246,451,5,5
580,0,2490366,452,5,5
580,0,2490491,453,5,5
580,0,2490612,454,5,5
580,0,2490733,455,5,5
580,0,2490858,456,5,5
580,0,2490987,457,5,5
580,0,2491112,458,5,5
580,0,2491237,459,5,5
580,0,2491370,460,5,5
580,0,2491498,461,5,5
580,0,2491623,462,5,5
580,0,2491748,463,5,5
580,0,2491877,464,5,5
580,0,2491994,465,5,5
580,0,2492127,466,5,5
580,0,2492248,467,5,5
580,0,2492376,468,5,5
580,0,2492509,469,5,5
580,0,2492638,470,5,5
580,0,2492766,471,5,5
580,0,2492903,472,5,5
580,0,2493028,473,5,5
580,0,2493157,474,5,5
580,0,2493285,475,5,5
580,0,2493422,476,5,5
580,0,2493566,477,5,5
580,0,2493722,478,5,5
580,0,2493921,479,5,5
580,0,2494073,480,5,5
580,0,2494202,481,5,5
580,0,2494311,482,5,5
581,1,2498721,895,9,9
581,1,2498818,896,9,9
581,1,2498911,897,9,9
581,1,2499011,898,9,9
581,1,2499132,899,9,9
581,1,2499253,900,9,9
581,1,2499373,901,9,9
581,1,2499534,902,9,9
581,1,2499666,903,9,9
581,1,2499835,904,9,9
581,1,2499992,905,9,9
581,1,2500117,906,9,9
581,1,2500267,907,9,9
581,1,2500431,908,9,9
581,1,2500584,909,9,9
581,1,2500749,910,9,9
581,1,2500914,911,9,9
581,1,2501095,912,9,9
581,1,2501239,913,9,9
581,1,2501437,914,9,9
581,1,2501594,915,9,9
581,1,2501754,916,9,9
581,1,2501932,917,9,9
581,1,2502065,918,9,9
581,1,2502238,919,9,9
581,1,2502394,920,9,9
581,1,2502540,921,9,9
581,1,2502680,922,9,9
581,1,2502938,923,9,9
581,1,2503139,924,9,9
581,0,2516068,63,2,2
581,0,2516249,64,2,2
581,0,2516430,65,2,2
581,0,2516639,66,2,2
581,0,2516800,67,2,2
581,0,2516954,68,2,2
578,1,2531611,425,7,7
578,1,2533435,426,8,8
578,1,2533537,427,8,8
578,1,2533648,428,8,8
578,1,2533752,429,8,8
578,1,2533859,430,8,8
578,1,2533972,431,8,8
578,1,2534086,432,8,8
578,1,2534204,433,8,8
578,1,2534318,434,8,8
578,1,2534434,435,8,8
578,1,2534548,436,8,8
578,1,2534658,437,8,8
578,1,2534778,438,8,8
578,1,2534900,439,8,8
578,1,2535025,440,8,8
578,1,2535139,441,8,8
578,1,2535261,442,8,8
578,1,2535378,443,8,8
578,1,2535496,444,8,8
578,1,2535617,445,8,8
578,1,2535738,446,8,8
578,1,2535867,447,8,8
578,1,2535993,448,8,8
578,1,2536115,449,8,8
578,1,2536240,450,8,8
578,1,2536365,451,8,8
578,1,2536486,452,8,8
578,1,2536620,453,8,8
578,1,2536740,454,8,8
581,1,2523781,925,9,9
578,1,2536866,455,8,8
581,1,2523901,926,9,9
578,1,2536987,456,8,8
581,1,2523994,927,9,9
581,1,2524087,928,9,9
578,1,2537105,457,8,8
581,1,2524187,929,9,9
578,1,2537219,458,8,8
581,1,2524304,930,9,9
578,1,2537348,459,8,8
581,1,2524452,931,9,9
578,1,2537477,460,8,8
581,1,2524573,932,9,9
578,1,2537618,461,8,8
581,1,2524706,933,9,9
579,1,2527710,37,1,1
578,1,2537739,462,8,8
579,1,2527837,38,1,1
578,1,2537857,463,8,8
581,1,2524863,934,9,9
578,1,2537982,464,8,8
581,1,2525000,935,9,9
579,1,2528026,39,1,1
578,1,2538119,465,8,8
581,1,2525142,936,9,9
579,1,2528149,40,1,1
578,1,2538249,466,8,8
581,1,2525310,937,9,9
579,1,2528358,41,1,1
578,1,2538374,467,8,8
581,1,2525447,938,9,9
579,1,2528462,42,1,1
578,1,2538499,468,8,8
579,1,2528571,43,1,1
581,1,2525595,939,9,9
578,1,2538625,469,8,8
579,1,2528683,44,1,1
581,1,2525745,940,9,9
578,1,2538758,470,8,8
579,1,2528798,45,1,1
581,1,2525889,941,9,9
578,1,2538891,471,8,8
579,1,2528922,46,1,1
578,1,2539013,472,8,8
581,1,2526066,942,9,9
578,1,2539133,473,8,8
579,1,2529161,47,1,1
581,1,2526199,943,9,9
578,1,2539259,474,8,8
579,1,2529282,48,1,1
578,1,2539383,475,8,8
578,1,2539513,476,8,8
579,1,2529524,49,1,1
579,1,2529648,50,1,1
581,1,2526662,944,9,9
579,1,2529771,51,1,1
581,1,2526835,945,9,9
579,1,2529899,52,1,1
581,1,2526972,946,9,9
579,1,2530030,53,1,1
579,1,2530161,54,1,1
579,1,2530412,55,1,1
579,1,2530540,56,1,1
579,1,2530799,57,1,1
579,1,2530933,58,1,1
579,1,2531077,59,1,1
579,1,2531215,60,1,1
579,1,2531351,61,1,1
579,1,2531497,62,1,1
579,1,2531637,63,1,1
579,1,2531791,64,1,1
579,1,2531957,65,1,1
579,1,2532119,66,1,1
579,1,2532428,67,1,1
579,1,2532582,68,1,1
579,1,2532745,69,1,1
579,1,2533050,70,1,1
579,1,2533216,71,1,1
578,1,2543331,477,8,8
579,1,2533401,72,1,1
578,1,2543437,478,8,8
578,1,2543566,479,8,8
579,1,2533575,73,1,1
578,1,2543672,480,8,8
579,1,2533752,74,1,1
578,1,2543790,481,8,8
578,1,2543903,482,8,8
579,1,2533935,75,1,1
578,1,2544025,483,8,8
579,1,2534112,76,1,1
578,1,2544146,484,8,8
578,1,2544268,485,8,8
579,1,2534289,77,1,1
578,1,2544376,486,8,8
579,1,2534474,78,1,1
579,1,2534806,79,1,1
579,1,2534980,80,1,1
579,1,2535161,81,1,1
579,1,2535328,82,1,1
579,1,2535479,83,1,1
581,1,2532826,947,9,9
581,1,2532975,948,9,9
581,1,2533164,949,9,9
581,1,2533313,950,9,9
581,0,2558245,-1,False,True
581,0,2558249,-1,False,True
581,0,2558259,-1,False,True
581,0,2558267,-1,False,True
581,0,2558276,-1,False,True
581,0,2558284,-1,False,True
581,0,2558295,-1,False,True
581,0,2558303,-1,False,True
581,0,2558312,-1,False,False
581,0,2558320,-1,False,False
581,0,2558329,-1,False,False
581,0,2558338,-1,False,False
581,1,2563727,951,9,9
581,1,2563904,952,9,9
581,1,2564001,953,9,9
581,1,2564129,954,9,9
581,1,2565804,955,10,10
581,1,2565856,956,10,10
581,1,2565981,957,10,10
581,1,2566093,958,10,10
581,1,2566214,959,10,10
581,1,2566331,960,10,10
581,1,2566448,961,10,10
581,1,2566567,962,10,10
581,1,2566689,963,10,10
581,1,2566809,964,10,10
581,1,2566942,965,10,10
581,1,2567071,966,10,10
581,1,2567195,967,10,10
581,1,2567320,968,10,10
581,1,2567445,969,10,10
581,1,2567566,970,10,10
581,1,2567691,971,10,10
581,1,2567815,972,10,10
581,1,2567952,973,10,10
581,1,2568077,974,10,10
581,1,2568198,975,10,10
581,1,2568327,976,10,10
581,1,2568463,977,10,10
581,1,2568592,978,10,10
581,1,2568720,979,10,10
581,1,2568853,980,10,10
581,1,2569003,981,10,10
581,1,2569123,982,10,10
581,1,2569243,983,10,10
581,1,2569368,984,10,10
581,1,2569497,985,10,10
581,1,2569629,986,10,10
581,1,2569755,987,10,10
581,1,2569883,988,10,10
581,1,2570016,989,10,10
581,1,2570145,990,10,10
581,1,2570277,991,10,10
581,1,2570402,992,10,10
581,1,2570548,993,10,10
581,1,2570688,994,10,10
581,1,2570813,995,10,10
581,1,2570961,996,10,10
581,1,2571090,997,10,10
581,1,2571207,998,10,10
581,1,2571348,999,10,10
581,1,2571472,1000,10,10
581,1,2571597,1001,10,10
581,1,2571738,1002,10,10
581,1,2571887,1003,10,10
581,1,2572067,1004,10,10
581,1,2572205,1005,10,10
581,1,2572338,1006,10,10
581,1,2572494,1007,10,10
581,1,2572644,1008,10,10
581,1,2572805,1009,10,10
581,1,2572974,1010,10,10
581,1,2573118,1011,10,10
581,1,2573243,1012,10,10
581,1,2573379,1013,10,10
579,0,2576356,-1,False,True
579,0,2576359,-1,False,True
579,0,2576369,-1,False,True
579,0,2576377,-1,False,True
579,0,2576387,-1,False,True
579,0,2576395,-1,False,True
579,0,2576404,-1,False,True
579,0,2576412,-1,False,True
579,0,2576421,-1,False,False
579,0,2576430,-1,False,False
581,1,2573533,1014,10,10
579,0,2576440,-1,False,False
579,0,2576448,-1,False,False
579,0,2576457,-1,False,False
579,0,2576465,-1,False,False
579,0,2576476,-1,False,False
579,0,2576484,-1,False,False
579,0,2576493,-1,False,False
579,0,2576501,-1,False,False
579,0,2576510,-1,False,False
579,0,2576520,-1,False,False
579,0,2576529,-1,False,False
579,0,2576537,-1,False,False
579,0,2576546,-1,False,False
579,0,2576555,-1,False,False
579,0,2576565,-1,False,False
579,0,2576573,-1,False,False
581,1,2573677,1015,10,10
579,0,2576582,-1,False,False
579,0,2576590,-1,False,False
579,0,2576601,-1,False,False
579,0,2576609,-1,False,False
579,0,2576618,-1,False,False
579,0,2576626,-1,False,False
579,0,2576635,-1,False,False
579,0,2576645,-1,False,False
579,0,2576654,-1,False,False
579,0,2576662,-1,False,False
579,0,2576671,-1,False,False
579,0,2576679,-1,False,False
579,0,2576690,-1,False,False
579,0,2576698,-1,False,False
579,0,2576707,-1,False,False
579,0,2576715,-1,False,False
579,0,2576726,-1,False,False
579,0,2576734,-1,False,False
581,1,2573875,1016,10,10
579,0,2576743,-1,False,False
579,0,2576751,-1,False,False
579,0,2576761,-1,False,False
579,0,2576770,-1,False,False
579,0,2576779,-1,False,False
581,1,2573923,1017,10,10
579,0,2576787,-1,False,False
579,0,2576796,-1,False,False
579,0,2576804,-1,False,False
579,0,2576815,-1,False,False
579,0,2576823,-1,False,False
579,0,2576832,-1,False,False
579,0,2576840,-1,False,False
579,0,2576850,-1,False,False
581,1,2574000,1018,10,10
579,0,2576859,-1,False,False
579,0,2576868,-1,False,False
579,0,2576876,-1,False,False
579,0,2576886,-1,False,False
579,0,2576894,-1,False,False
579,0,2576904,-1,False,False
579,0,2576912,-1,False,False
579,0,2576921,-1,False,False
579,0,2576929,-1,False,False
579,0,2576940,-1,False,False
579,0,2576948,-1,False,False
579,0,2576957,-1,False,False
581,1,2574128,1019,10,10
579,0,2576965,-1,False,False
579,0,2576975,-1,False,False
579,0,2576984,-1,False,False
579,0,2576993,-1,False,False
579,0,2577001,-1,False,False
579,0,2577011,-1,False,False
579,0,2577019,-1,False,False
579,0,2577029,-1,False,False
579,0,2577037,-1,False,False
579,0,2577046,-1,False,False
579,0,2577054,-1,False,False
579,0,2577064,-1,False,False
579,0,2577073,-1,False,False
581,1,2574257,1020,10,10
579,0,2577082,-1,False,False
579,0,2577090,-1,False,False
579,0,2577100,-1,False,False
579,0,2577108,-1,False,False
579,0,2577118,-1,False,False
581,1,2574422,1021,10,10
581,1,2574555,1022,10,10
581,1,2574720,1023,10,10
581,1,2574864,1024,10,10
581,1,2575001,1025,10,10
581,1,2575174,1026,10,10
581,1,2575358,1027,10,10
581,1,2575532,1028,10,10
581,1,2575661,1029,10,10
581,1,2575798,1030,10,10
581,1,2575946,1031,10,10
581,1,2576118,1032,10,10
581,1,2576272,1033,10,10
581,1,2576433,1034,10,10
581,1,2576593,1035,10,10
581,1,2576775,1036,10,10
581,1,2576976,1037,10,10
581,1,2577108,1038,10,10
581,1,2577277,1039,10,10
581,1,2577495,1040,10,10
581,1,2577615,1041,10,10
581,1,2577780,1042,10,10
581,1,2577961,1043,10,10
581,1,2578135,1044,10,10
581,1,2578320,1045,10,10
581,1,2578485,1046,10,10
581,1,2578650,1047,10,10
581,1,2578819,1048,10,10
581,1,2579019,1049,10,10
581,1,2579209,1050,10,10
581,1,2579365,1051,10,10
581,1,2579603,1052,10,10
581,1,2579695,1053,10,10
581,1,2579860,1054,10,10
581,1,2580037,1055,10,10
581,1,2580251,1056,10,10
581,1,2580375,1057,10,10
581,1,2580548,1058,10,10
581,1,2580758,1059,10,10
581,1,2580930,1060,10,10
581,1,2581099,1061,10,10
581,1,2581225,1062,10,10
581,1,2581530,1063,10,10
581,1,2581691,1064,10,10
581,1,2581860,1065,10,10
581,1,2582045,1066,10,10
581,1,2582243,1067,10,10
581,1,2582435,1068,10,10
581,1,2582604,1069,10,10
581,1,2582922,1070,10,10
581,1,2583079,1071,10,10
581,1,2583203,1072,10,10
581,1,2583349,1073,10,10
581,1,2583566,1074,10,10
581,1,2583743,1075,10,10
581,1,2583904,1076,10,10
581,1,2584077,1077,10,10
581,1,2584238,1078,10,10
581,1,2584390,1079,10,10
581,1,2584713,1080,10,10
581,1,2584841,1081,10,10
581,1,2585018,1082,10,10
581,1,2585239,1083,10,10
581,1,2585400,1084,10,10
581,1,2585589,1085,10,10
581,1,2585802,1086,10,10
581,1,2585996,1087,10,10
581,1,2586141,1088,10,10
579,1,2589079,84,1,1
581,1,2586286,1089,10,10
579,1,2589218,85,1,1
579,1,2589330,86,1,1
581,1,2586434,1090,10,10
579,1,2589496,87,1,1
581,1,2586611,1091,10,10
581,1,2586744,1092,10,10
579,1,2591233,88,2,2
579,1,2591369,89,2,2
581,1,2591211,1093,10,10
581,1,2591368,1094,10,10
581,1,2591505,1095,10,10
581,1,2591641,1096,10,10
581,1,2591791,1097,10,10
581,1,2591975,1098,10,10
581,1,2592115,1099,10,10
581,1,2592296,1100,10,10
581,1,2592454,1101,10,10
581,1,2592623,1102,10,10
581,1,2592796,1103,10,10
581,1,2592969,1104,10,10
581,1,2593122,1105,10,10
581,1,2593299,1106,10,10
581,1,2593428,1107,10,10
581,1,2595134,1108,10,10
581,1,2595295,1109,10,10
581,1,2595468,1110,10,10
581,1,2595633,1111,10,10
581,1,2595810,1112,10,10
581,1,2595947,1113,10,10
579,1,2606450,90,2,2
579,1,2606829,91,2,2
579,1,2607157,92,2,2
579,1,2607490,93,2,2
579,1,2607724,94,2,2
579,1,2607960,95,2,2
579,1,2608083,96,2,2
579,1,2608207,97,2,2
579,1,2608451,98,2,2
579,1,2608574,99,2,2
579,1,2608698,100,2,2
579,1,2608829,101,2,2
579,1,2608956,102,2,2
579,1,2609088,103,2,2
579,1,2609219,104,2,2
579,1,2609350,105,2,2
579,1,2609477,106,2,2
579,1,2609612,107,2,2
579,1,2609743,108,2,2
579,1,2609879,109,2,2
579,1,2610150,110,2,2
579,1,2610288,111,2,2
579,1,2610554,112,2,2
579,1,2610685,113,2,2
579,1,2610818,114,2,2
579,1,2610952,115,2,2
578,0,2621289,-1,False,True
578,0,2621293,-1,False,True
578,0,2621302,-1,False,True
578,0,2621310,-1,False,True
578,0,2621320,-1,False,True
578,0,2621328,-1,False,True
578,0,2621337,-1,False,True
578,0,2621345,-1,False,True
578,0,2621356,-1,False,False
578,0,2621364,-1,False,False
578,0,2621373,-1,False,False
578,0,2621381,-1,False,False
578,0,2621391,-1,False,False
578,0,2621400,-1,False,False
578,0,2621409,-1,False,False
579,1,2611219,116,2,2
578,0,2621417,-1,False,False
578,0,2621426,-1,False,False
578,0,2621434,-1,False,False
578,0,2621445,-1,False,False
578,0,2621453,-1,False,False
578,0,2621462,-1,False,False
578,0,2621470,-1,False,False
578,0,2621480,-1,False,False
578,0,2621489,-1,False,False
578,0,2621498,-1,False,False
578,0,2621506,-1,False,False
578,0,2621516,-1,False,False
578,0,2621524,-1,False,False
579,1,2611353,117,2,2
578,0,2621534,-1,False,False
578,0,2621542,-1,False,False
578,0,2621551,-1,False,False
579,1,2611485,118,2,2
579,1,2611623,119,2,2
579,1,2611883,120,2,2
579,1,2612006,121,2,2
579,1,2612273,122,2,2
579,1,2612404,123,2,2
579,1,2612833,124,2,2
579,1,2612960,125,2,2
579,1,2613088,126,2,2
579,1,2613219,127,2,2
579,1,2613358,128,2,2
578,0,2623662,402,5,5
579,1,2613489,129,2,2
578,0,2623788,403,5,5
579,1,2613616,130,2,2
578,0,2623924,404,5,5
579,1,2613743,131,2,2
578,0,2624073,405,5,5
579,1,2613874,132,2,2
579,1,2614168,133,2,2
579,1,2614419,134,2,2
579,1,2614551,135,2,2
579,1,2614686,136,2,2
579,1,2614817,137,2,2
579,1,2614952,138,2,2
579,1,2615091,139,2,2
579,1,2615361,140,2,2
579,1,2615500,141,2,2
578,0,2625772,406,6,6
578,0,2625784,407,6,6
579,1,2615643,142,2,2
578,0,2625898,408,6,6
579,1,2615782,143,2,2
578,0,2626016,409,6,6
578,0,2626137,410,6,6
579,1,2615929,144,2,2
578,0,2626254,411,6,6
579,1,2616068,145,2,2
578,0,2626368,412,6,6
579,1,2616203,146,2,2
578,0,2626490,413,6,6
579,1,2616361,147,2,2
578,0,2626604,414,6,6
578,0,2626724,415,6,6
579,1,2616519,148,2,2
578,0,2626842,416,6,6
579,1,2616685,149,2,2
578,0,2626960,417,6,6
578,0,2627085,418,6,6
578,0,2627198,419,6,6
579,1,2616994,150,2,2
578,0,2627319,420,6,6
579,1,2617172,151,2,2
578,0,2627445,421,6,6
578,0,2627566,422,6,6
579,1,2617346,152,2,2
578,0,2627692,423,6,6
579,1,2617562,153,2,2
578,0,2627813,424,6,6
579,1,2617701,154,2,2
578,0,2627939,425,6,6
578,0,2628064,426,6,6
579,1,2617847,155,2,2
578,0,2628190,427,6,6
578,0,2628319,428,6,6
579,1,2618160,156,2,2
578,0,2628444,429,6,6
578,0,2628573,430,6,6
578,0,2628703,431,6,6
578,0,2628828,432,6,6
578,0,2628961,433,6,6
578,0,2629091,434,6,6
579,1,2618920,157,2,2
578,0,2629212,435,6,6
579,1,2619060,158,2,2
578,0,2629357,436,6,6
579,1,2619214,159,2,2
578,0,2629490,437,6,6
579,1,2619387,160,2,2
578,0,2629639,438,6,6
578,0,2629772,439,6,6
579,1,2619546,161,2,2
578,0,2629913,440,6,6
579,1,2619701,162,2,2
578,0,2630050,441,6,6
579,1,2619878,163,2,2
578,0,2630188,442,6,6
579,1,2620037,164,2,2
578,0,2630336,443,6,6
579,1,2620198,165,2,2
578,0,2630509,444,6,6
578,0,2630634,445,6,6
578,0,2630764,446,6,6
578,0,2630901,447,6,6
578,0,2631042,448,6,6
578,0,2631191,449,6,6
578,0,2631351,450,6,6
578,0,2631496,451,6,6
578,0,2631633,452,6,6
578,0,2631779,453,6,6
578,0,2631920,454,6,6
578,0,2632323,455,6,6
579,1,2627094,166,2,2
579,1,2627206,167,2,2
579,1,2627387,168,2,2
579,1,2627560,169,2,2
579,1,2627885,170,2,2
580,1,2641939,1771,15,15
580,1,2642052,1772,15,15
580,1,2642165,1773,15,15
580,1,2642279,1774,15,15
580,1,2642372,1775,15,15
580,1,2642486,1776,15,15
580,1,2642594,1777,15,15
580,1,2642688,1778,15,15
580,1,2642805,1779,15,15
580,1,2642915,1780,15,15
580,1,2643027,1781,15,15
580,1,2643141,1782,15,15
580,1,2643254,1783,15,15
580,1,2643376,1784,15,15
580,1,2643500,1785,15,15
580,1,2643616,1786,15,15
580,1,2643766,1787,15,15
580,1,2643902,1788,15,15
580,1,2644030,1789,15,15
580,1,2644163,1790,15,15
580,1,2644288,1791,15,15
578,0,2658520,456,6,6
580,1,2644401,1792,15,15
578,0,2658630,457,6,6
580,1,2644534,1793,15,15
580,1,2644655,1794,15,15
578,0,2658869,458,6,6
580,1,2644775,1795,15,15
578,0,2658987,459,6,6
580,1,2644909,1796,15,15
578,0,2659111,460,6,6
580,1,2645038,1797,15,15
578,0,2659222,461,6,6
580,1,2645166,1798,15,15
578,0,2659340,462,6,6
580,1,2645282,1799,15,15
578,0,2659441,463,6,6
578,0,2659555,464,6,6
580,1,2645415,1800,15,15
578,0,2659673,465,6,6
580,1,2645540,1801,15,15
578,0,2659793,466,6,6
580,1,2645665,1802,15,15
578,0,2659911,467,6,6
580,1,2645810,1803,15,15
578,0,2660029,468,6,6
580,1,2645935,1804,15,15
578,0,2660151,469,6,6
580,1,2646079,1805,15,15
578,0,2660272,470,6,6
580,1,2646208,1806,15,15
578,0,2660401,471,6,6
580,1,2646333,1807,15,15
578,0,2660531,472,6,6
580,1,2646469,1808,15,15
578,0,2660653,473,6,6
580,1,2646606,1809,15,15
578,0,2660782,474,6,6
580,1,2646743,1810,15,15
578,0,2660907,475,6,6
580,1,2646876,1811,15,15
578,0,2661040,476,6,6
580,1,2647000,1812,15,15
578,0,2661177,477,6,6
580,1,2647120,1813,15,15
578,0,2661310,478,6,6
578,0,2661436,479,6,6
578,0,2661569,480,6,6
578,0,2661714,481,6,6
578,0,2661859,482,6,6
578,0,2661972,483,6,6
581,1,2650080,1114,10,10
581,1,2650173,1115,10,10
581,1,2650293,1116,10,10
581,1,2650397,1117,10,10
581,1,2650511,1118,10,10
581,1,2650624,1119,10,10
581,1,2650744,1120,10,10
579,0,2653576,482,5,5
581,1,2650873,1121,10,10
579,0,2653734,483,5,5
581,1,2651014,1122,10,10
579,0,2653908,484,5,5
581,1,2651214,1123,10,10
579,0,2654113,485,5,5
581,1,2651383,1124,10,10
581,1,2651509,1125,10,10
579,0,2654317,486,5,5
579,0,2654430,487,5,5
581,1,2651654,1126,10,10
581,1,2651819,1127,10,10
579,0,2654699,488,5,5
581,1,2651956,1128,10,10
579,0,2654897,489,5,5
581,1,2652108,1129,10,10
581,1,2652244,1130,10,10
581,1,2652382,1131,10,10
579,0,2655206,490,5,5
579,0,2655309,491,5,5
581,1,2652542,1132,10,10
581,1,2652692,1133,10,10
579,0,2655619,492,5,5
581,1,2652849,1134,10,10
579,0,2655796,493,5,5
581,1,2653041,1135,10,10
581,1,2653191,1136,10,10
581,1,2653360,1137,10,10
581,1,2653504,1138,10,10
581,1,2653662,1139,10,10
581,1,2653834,1140,10,10
581,1,2653975,1141,10,10
581,1,2654140,1142,10,10
581,1,2654305,1143,10,10
581,1,2655307,1144,10,10
581,1,2655489,1145,10,10
581,1,2655621,1146,10,10
578,0,2673929,484,6,6
578,0,2674063,485,6,6
578,0,2674184,486,6,6
578,0,2674305,487,6,6
579,1,2680468,171,2,2
579,1,2680611,172,2,2
579,1,2680719,173,2,2
579,1,2680858,174,2,2
579,1,2680971,175,2,2
579,1,2681078,176,2,2
579,1,2681187,177,2,2
579,1,2681314,178,2,2
579,1,2681430,179,2,2
579,1,2681569,180,2,2
579,1,2681696,181,2,2
579,1,2681828,182,2,2
579,1,2681977,183,2,2
579,1,2682113,184,2,2
579,1,2682411,185,2,2
579,1,2682546,186,2,2
579,1,2682692,187,2,2
579,1,2682967,188,2,2
579,1,2683114,189,2,2
579,1,2683264,190,2,2
579,1,2683472,191,2,2
579,1,2683785,192,2,2
579,1,2683955,193,2,2
579,1,2684129,194,2,2
579,1,2684310,195,2,2
579,1,2684635,196,2,2
579,1,2684770,197,2,2
579,1,2684920,198,2,2
579,1,2685067,199,2,2
579,1,2685252,200,2,2
579,1,2685437,201,2,2
579,1,2685770,202,2,2
578,0,2717650,488,6,6
578,0,2718571,489,6,6
578,0,2718708,490,6,6
578,0,2718853,491,6,6
578,0,2718967,492,6,6
578,0,2719073,493,6,6
578,0,2719170,494,6,6
578,0,2719300,495,6,6
578,0,2719437,496,6,6
578,0,2719543,497,6,6
578,0,2719652,498,6,6
578,0,2719774,499,6,6
578,0,2719892,500,6,6
578,0,2720021,501,6,6
578,0,2720146,502,6,6
578,0,2720261,503,6,6
578,0,2720389,504,6,6
578,0,2720522,505,6,6
578,0,2720684,506,6,6
578,0,2720832,507,6,6
578,0,2720961,508,6,6
578,0,2721294,509,6,6
578,0,2721381,510,6,6
580,0,2718371,-1,True,False
580,0,2718375,-1,True,False
580,0,2718385,-1,True,False
580,0,2718448,-1,True,False
580,0,2718452,-1,True,False
580,0,2718461,-1,True,False
580,0,2718470,-1,True,False
580,0,2718479,-1,True,False
580,0,2718487,-1,True,False
580,0,2718497,-1,True,False
580,0,2718505,-1,True,False
580,0,2718515,-1,True,False
580,0,2718523,-1,False,False
580,0,2718532,-1,False,False
580,0,2718540,-1,False,False
580,0,2718551,-1,False,False
580,0,2718559,-1,False,False
580,0,2718568,-1,False,False
580,0,2718576,-1,False,False
580,0,2718586,-1,False,False
580,0,2718595,-1,False,False
580,0,2718604,-1,False,False
580,0,2718612,-1,False,False
580,0,2718621,-1,False,False
580,0,2718629,-1,False,False
580,0,2718640,-1,False,False
580,0,2718648,-1,False,False
580,0,2718657,-1,False,False
580,0,2718665,-1,False,False
580,0,2718675,-1,False,False
580,0,2718684,-1,False,False
580,0,2718693,-1,False,False
580,0,2718701,-1,False,False
580,0,2718711,-1,False,False
580,0,2718720,-1,False,False
580,0,2718729,-1,False,False
580,0,2718737,-1,False,False
580,0,2718746,-1,False,False
580,0,2718755,-1,False,False
580,0,2718765,-1,False,False
580,0,2718773,-1,False,False
580,0,2718782,-1,False,False
580,0,2718790,-1,False,False
580,0,2718800,-1,False,False
580,0,2718809,-1,False,False
580,0,2718818,-1,False,False
580,0,2718826,-1,False,False
580,0,2718836,-1,False,False
580,0,2718844,-1,False,False
580,0,2718854,-1,False,False
580,0,2718862,-1,False,False
580,0,2718871,-1,False,False
580,0,2718880,-1,False,False
580,0,2718889,-1,False,False
580,0,2718898,-1,False,False
580,0,2718907,-1,False,False
580,0,2718915,-1,False,False
580,0,2718925,-1,False,False
580,0,2718934,-1,False,False
580,0,2718943,-1,False,False
580,0,2718951,-1,False,False
580,0,2718961,-1,False,False
580,0,2718969,-1,False,False
580,0,2718979,-1,False,False
580,0,2718987,-1,False,False
580,0,2718996,-1,False,False
580,0,2719005,-1,False,False
580,0,2719014,-1,False,False
580,0,2719023,-1,False,False
580,0,2719032,-1,False,False
580,0,2719040,-1,False,False
580,0,2719050,-1,False,False
580,0,2719058,-1,False,False
580,0,2719068,-1,False,False
580,0,2719076,-1,False,False
580,0,2719086,-1,False,False
580,0,2719094,-1,False,False
580,0,2719104,-1,False,False
580,0,2719112,-1,False,False
580,0,2719121,-1,False,False
580,0,2719130,-1,False,False
580,0,2719139,-1,False,False
580,0,2719148,-1,False,False
580,0,2719157,-1,False,False
580,0,2719165,-1,False,False
580,0,2719175,-1,False,False
580,0,2719183,-1,False,False
580,0,2719193,-1,False,False
580,0,2719201,-1,False,False
580,0,2719211,-1,False,False
580,0,2719219,-1,False,False
580,0,2719228,-1,False,False
580,0,2719237,-1,False,False
580,0,2719247,-1,False,False
580,1,2771215,1814,15,15
580,1,2773415,1815,15,15
580,1,2773525,1816,15,15
580,1,2773661,1817,15,15
580,1,2775375,1818,16,16
580,1,2775484,1819,16,16
580,1,2775627,1820,16,16
580,1,2775788,1821,16,16
580,1,2775936,1822,16,16
580,1,2776088,1823,16,16
580,1,2776408,1824,16,16
580,1,2776552,1825,16,16
580,1,2776689,1826,16,16
580,1,2776821,1827,16,16
580,1,2776958,1828,16,16
580,1,2777079,1829,16,16
580,1,2777220,1830,16,16
580,1,2777372,1831,16,16
580,1,2777508,1832,16,16
580,1,2777640,1833,16,16
580,1,2777789,1834,16,16
580,1,2777937,1835,16,16
580,1,2778226,1836,16,16
580,1,2778382,1837,16,16
580,1,2778534,1838,16,16
580,1,2778699,1839,16,16
580,1,2778851,1840,16,16
580,1,2779140,1841,16,16
580,1,2779291,1842,16,16
580,1,2779467,1843,16,16
581,1,2793989,1147,10,10
581,1,2794134,1148,10,10
581,1,2794254,1149,10,10
581,1,2794443,1150,10,10
581,1,2794496,1151,10,10
581,1,2794589,1152,10,10
581,1,2794696,1153,10,10
581,1,2794829,1154,10,10
581,1,2794942,1155,10,10
581,1,2795063,1156,10,10
581,1,2795211,1157,10,10
581,1,2795332,1158,10,10
581,1,2795486,1159,10,10
581,1,2795586,1160,10,10
581,1,2795723,1161,10,10
581,1,2795924,1162,10,10
581,1,2796049,1163,10,10
581,1,2796218,1164,10,10
581,1,2796355,1165,10,10
581,1,2796475,1166,10,10
581,1,2796628,1167,10,10
581,1,2796784,1168,10,10
581,1,2796958,1169,10,10
581,1,2797119,1170,10,10
581,1,2797292,1171,10,10
581,1,2797461,1172,10,10
581,1,2797594,1173,10,10
581,1,2797924,1174,10,10
581,1,2798061,1175,10,10
581,1,2798266,1176,10,10
581,1,2798435,1177,10,10
581,1,2798657,1178,10,10
581,1,2798789,1179,10,10
581,1,2798942,1180,10,10
581,1,2799119,1181,10,10
581,1,2799267,1182,10,10
581,1,2799441,1183,10,10
578,0,2817739,511,6,6
578,0,2817872,512,6,6
578,0,2817998,513,6,6
578,0,2818143,514,6,6
578,0,2818273,515,6,6
578,0,2818394,516,6,6
578,0,2818524,517,6,6
578,0,2818644,518,6,6
578,0,2818775,519,6,6
578,0,2818899,520,6,6
578,0,2819006,521,6,6
581,1,2806173,1184,10,10
581,1,2806305,1185,10,10
581,1,2806398,1186,10,10
581,1,2806563,1187,10,10
581,1,2806696,1188,10,10
581,1,2806853,1189,10,10
581,1,2806978,1190,10,10
581,1,2807127,1191,10,10
581,1,2807328,1192,10,10
581,1,2807469,1193,10,10
581,1,2807574,1194,10,10
581,1,2807806,1195,10,10
581,1,2807967,1196,10,10
581,1,2808137,1197,10,10
581,1,2808354,1198,10,10
581,1,2808471,1199,10,10
581,1,2808648,1200,10,10
581,1,2808817,1201,10,10
581,1,2808949,1202,10,10
580,0,2813759,-1,False,True
580,0,2813763,-1,False,True
580,0,2813772,-1,False,True
580,0,2813780,-1,False,True
580,0,2813790,-1,False,True
580,0,2813798,-1,False,True
580,0,2813836,-1,False,True
580,0,2813839,-1,False,True
580,0,2813848,-1,False,True
580,0,2813856,-1,False,True
580,0,2813867,-1,False,True
580,0,2813875,-1,False,True
580,0,2813884,-1,False,True
580,0,2813892,-1,False,True
580,0,2813901,-1,False,False
580,0,2813910,-1,False,False
580,0,2813920,-1,False,False
580,0,2813928,-1,False,False
580,0,2813937,-1,False,False
580,0,2813945,-1,False,False
580,0,2813956,-1,False,False
580,0,2813964,-1,False,False
580,0,2813973,-1,False,False
580,0,2813981,-1,False,False
580,0,2813990,-1,False,False
580,0,2813999,-1,False,False
580,0,2814009,-1,False,False
580,0,2814017,-1,False,False
580,0,2814026,-1,False,False
580,0,2814034,-1,False,False
580,0,2814045,-1,False,False
580,0,2814053,-1,False,False
580,0,2814062,-1,False,False
580,0,2814070,-1,False,False
580,0,2814081,-1,False,False
580,0,2814089,-1,False,False
580,0,2814098,-1,False,False
580,0,2814106,-1,False,False
580,0,2814115,-1,False,False
580,0,2814125,-1,False,False
580,0,2814134,-1,False,False
580,0,2814142,-1,False,False
580,0,2814151,-1,False,False
580,0,2814159,-1,False,False
580,0,2814170,-1,False,False
580,0,2814178,-1,False,False
580,0,2814187,-1,False,False
580,0,2814195,-1,False,False
580,0,2814205,-1,False,False
580,0,2814214,-1,False,False
580,0,2814223,-1,False,False
580,0,2814231,-1,False,False
580,0,2814240,-1,False,False
580,0,2814249,-1,False,False
580,0,2814259,-1,False,False
580,1,2829762,1844,16,16
580,1,2829937,1845,16,16
580,1,2830039,1846,16,16
580,1,2830144,1847,16,16
580,1,2831838,1848,17,17
580,1,2831873,1849,17,17
580,1,2831993,1850,17,17
580,1,2832122,1851,17,17
580,1,2832243,1852,17,17
580,1,2832364,1853,17,17
580,1,2832481,1854,17,17
580,1,2832599,1855,17,17
580,1,2832722,1856,17,17
580,1,2832844,1857,17,17
580,1,2832965,1858,17,17
580,1,2833093,1859,17,17
580,1,2833215,1860,17,17
580,1,2833340,1861,17,17
580,1,2833464,1862,17,17
580,1,2833589,1863,17,17
580,1,2833707,1864,17,17
580,1,2833827,1865,17,17
580,1,2834069,1866,17,17
580,1,2834194,1867,17,17
580,1,2834316,1868,17,17
580,1,2834440,1869,17,17
580,1,2834565,1870,17,17
580,1,2834690,1871,17,17
580,1,2834802,1872,17,17
580,1,2834944,1873,17,17
580,1,2835064,1874,17,17
580,1,2835192,1875,17,17
580,1,2835310,1876,17,17
580,1,2835442,1877,17,17
580,1,2835567,1878,17,17
580,1,2835696,1879,17,17
580,1,2835821,1880,17,17
580,1,2835954,1881,17,17
580,1,2836082,1882,17,17
580,1,2836207,1883,17,17
580,1,2836332,1884,17,17
580,1,2836461,1885,17,17
580,1,2836586,1886,17,17
580,1,2836714,1887,17,17
580,1,2836836,1888,17,17
580,1,2836965,1889,17,17
580,1,2837082,1890,17,17
580,1,2837206,1891,17,17
580,1,2837336,1892,17,17
580,1,2837456,1893,17,17
580,1,2837588,1894,17,17
580,1,2837705,1895,17,17
580,1,2837842,1896,17,17
580,1,2837975,1897,17,17
580,1,2838112,1898,17,17
580,1,2838240,1899,17,17
580,1,2838365,1900,17,17
580,1,2838487,1901,17,17
580,1,2838615,1902,17,17
580,1,2838739,1903,17,17
580,1,2838864,1904,17,17
580,1,2838989,1905,17,17
580,1,2839114,1906,17,17
580,1,2839250,1907,17,17
580,1,2839371,1908,17,17
580,1,2839521,1909,17,17
580,1,2839653,1910,17,17
580,1,2839782,1911,17,17
580,1,2839910,1912,17,17
580,1,2840035,1913,17,17
580,1,2840176,1914,17,17
580,1,2840312,1915,17,17
580,1,2840449,1916,17,17
580,1,2840573,1917,17,17
580,1,2840707,1918,17,17
580,1,2840832,1919,17,17
580,1,2840968,1920,17,17
580,1,2841100,1921,17,17
580,1,2841233,1922,17,17
581,1,2842542,1203,10,10
580,1,2841366,1923,17,17
581,1,2842686,1204,10,10
580,1,2841494,1924,17,17
581,1,2842822,1205,10,10
580,1,2841638,1925,17,17
581,1,2842947,1206,10,10
580,1,2841767,1926,17,17
581,1,2843080,1207,10,10
580,1,2841905,1927,17,17
581,1,2843216,1208,10,10
580,1,2842033,1928,17,17
581,1,2843374,1209,10,10
580,1,2842173,1929,17,17
581,1,2843523,1210,10,10
580,1,2842302,1930,17,17
580,1,2842439,1931,17,17
580,1,2842591,1932,17,17
580,1,2842731,1933,17,17
580,1,2842867,1934,17,17
580,1,2843000,1935,17,17
580,1,2843133,1936,17,17
580,1,2843262,1937,17,17
580,1,2843390,1938,17,17
580,1,2843539,1939,17,17
580,1,2843668,1940,17,17
580,1,2843808,1941,17,17
580,1,2843961,1942,17,17
580,1,2844112,1943,17,17
580,1,2844276,1944,17,17
578,1,2859800,487,8,8
578,1,2859902,488,8,8
578,1,2860023,489,8,8
578,1,2860137,490,8,8
578,1,2860235,491,8,8
578,1,2860349,492,8,8
578,1,2860454,493,8,8
578,1,2860568,494,8,8
578,1,2860686,495,8,8
578,1,2860807,496,8,8
578,1,2860920,497,8,8
578,1,2861038,498,8,8
578,1,2861163,499,8,8
578,1,2861292,500,8,8
578,1,2861418,501,8,8
578,1,2861543,502,8,8
578,1,2861668,503,8,8
578,1,2861801,504,8,8
578,1,2861931,505,8,8
578,1,2862064,506,8,8
578,1,2862308,507,8,8
578,1,2862459,508,8,8
578,1,2862573,509,8,8
581,1,2884088,1211,10,10
581,1,2884245,1212,10,10
581,1,2884354,1213,10,10
581,1,2884576,1214,10,10
581,1,2884737,1215,10,10
581,1,2884877,1216,10,10
581,1,2885006,1217,10,10
581,1,2885171,1218,10,10
581,1,2885300,1219,10,10
581,1,2885449,1220,10,10
581,1,2885610,1221,10,10
581,1,2885782,1222,10,10
581,1,2885932,1223,10,10
581,1,2886113,1224,10,10
581,1,2886278,1225,10,10
581,1,2886443,1226,10,10
581,1,2886624,1227,10,10
581,1,2886740,1228,10,10
581,1,2913057,1229,10,10
581,1,2913291,1230,10,10
581,1,2913456,1231,10,10
581,1,2913625,1232,10,10
581,1,2913766,1233,10,10
581,1,2913891,1234,10,10
580,0,2945176,-1,False,True
580,0,2945179,-1,False,True
580,0,2945188,-1,False,True
580,0,2945197,-1,False,True
580,0,2945207,-1,False,True
580,0,2945214,-1,False,True
580,0,2945224,-1,False,True
580,0,2945232,-1,False,True
580,0,2945242,-1,False,False
580,0,2945250,-1,False,False
580,0,2945259,-1,False,False
580,0,2945268,-1,False,False
580,0,2945277,-1,False,False
580,0,2945286,-1,False,False
580,0,2945295,-1,False,False
580,0,2945303,-1,False,False
580,0,2945313,-1,False,False
580,0,2945321,-1,False,False
580,0,2945331,-1,False,False
580,0,2945339,-1,False,False
580,0,2945349,-1,False,False
580,0,2945357,-1,False,False
580,0,2945367,-1,False,False
580,0,2945375,-1,False,False
580,0,2945384,-1,False,False
580,0,2945393,-1,False,False
580,0,2945402,-1,False,False
580,0,2945411,-1,False,False
580,0,2945420,-1,False,False
580,0,2945428,-1,False,False
580,0,2945438,-1,False,False
580,0,2945446,-1,False,False
580,0,2945456,-1,False,False
580,0,2945464,-1,False,False
580,0,2945474,-1,False,False
580,0,2945482,-1,False,False
580,0,2945491,-1,False,False
580,0,2945500,-1,False,False
580,0,2945510,-1,False,False
580,0,2945518,-1,False,False
580,0,2945527,-1,False,False
580,0,2945536,-1,False,False
580,0,2945545,-1,False,False
580,0,2945553,-1,False,False
580,1,2969679,1945,17,17
580,1,2969792,1946,17,17
580,1,2969937,1947,17,17
580,1,2970054,1948,17,17
578,0,2985411,-1,True,False
578,0,2985415,-1,True,False
578,0,2985424,-1,True,False
578,0,2985433,-1,True,False
578,0,2985442,-1,True,False
578,0,2985450,-1,True,False
578,0,2985460,-1,True,False
578,0,2985468,-1,True,False
578,0,2985478,-1,True,False
578,0,2985486,-1,False,False
578,0,2985495,-1,False,False
578,0,2985503,-1,False,False
578,0,2985513,-1,False,False
578,0,2985522,-1,False,False
578,0,2985531,-1,False,False
578,0,2985539,-1,False,False
578,0,2985548,-1,False,False
578,0,2985558,-1,False,False
578,0,2985567,-1,False,False
578,0,2985575,-1,False,False
578,0,2985584,-1,False,False
578,0,2985592,-1,False,False
578,0,2985603,-1,False,False
578,0,2985611,-1,False,False
578,0,2985620,-1,False,False
578,0,2985628,-1,False,False
578,0,2985638,-1,False,False
578,0,2985647,-1,False,False
578,0,2985656,-1,False,False
578,0,2985664,-1,False,False
578,0,2985673,-1,False,False
578,0,2985682,-1,False,False
578,0,2985692,-1,False,False
578,0,2985700,-1,False,False
578,0,2985709,-1,False,False
578,0,2985717,-1,False,False
578,0,2985728,-1,False,False
580,1,2971748,1949,18,18
580,1,2971837,1950,18,18
580,1,2971955,1951,18,18
580,1,2972071,1952,18,18
580,1,2972200,1953,18,18
580,1,2972317,1954,18,18
580,1,2972442,1955,18,18
580,1,2972559,1956,18,18
580,1,2972684,1957,18,18
580,1,2972802,1958,18,18
580,1,2972918,1959,18,18
580,1,2973039,1960,18,18
580,1,2973164,1961,18,18
580,1,2973289,1962,18,18
580,1,2973414,1963,18,18
580,1,2973539,1964,18,18
580,1,2973660,1965,18,18
580,1,2973789,1966,18,18
580,1,2973918,1967,18,18
580,1,2974042,1968,18,18
580,1,2974163,1969,18,18
580,1,2974292,1970,18,18
580,1,2974416,1971,18,18
580,1,2974541,1972,18,18
580,1,2974670,1973,18,18
580,1,2974791,1974,18,18
580,1,2974920,1975,18,18
580,1,2975045,1976,18,18
580,1,2975170,1977,18,18
580,1,2975295,1978,18,18
580,1,2975420,1979,18,18
580,1,2975541,1980,18,18
580,1,2975666,1981,18,18
580,1,2975791,1982,18,18
580,1,2975915,1983,18,18
580,1,2976045,1984,18,18
580,1,2976161,1985,18,18
580,1,2976289,1986,18,18
580,1,2976419,1987,18,18
580,1,2976547,1988,18,18
580,1,2976676,1989,18,18
580,1,2976808,1990,18,18
580,1,2976942,1991,18,18
580,1,2977071,1992,18,18
580,1,2977207,1993,18,18
580,1,2977340,1994,18,18
580,1,2977469,1995,18,18
580,1,2977597,1996,18,18
580,1,2977726,1997,18,18
580,1,2977867,1998,18,18
580,1,2977995,1999,18,18
580,1,2978131,2000,18,18
580,1,2978265,2001,18,18
580,1,2978390,2002,18,18
580,1,2978527,2003,18,18
580,1,2978651,2004,18,18
580,1,2978784,2005,18,18
580,1,2978917,2006,18,18
580,1,2979053,2007,18,18
580,1,2979189,2008,18,18
580,1,2979331,2009,18,18
580,1,2979463,2010,18,18
580,1,2979592,2011,18,18
580,1,2979721,2012,18,18
580,1,2979854,2013,18,18
580,1,2979994,2014,18,18
580,1,2980130,2015,18,18
580,1,2980263,2016,18,18
580,1,2980423,2017,18,18
580,1,2980568,2018,18,18
580,1,2980719,2019,18,18
581,0,2992778,69,2,2
581,0,2992934,70,2,2
581,0,2993159,71,2,2
581,0,2993264,72,2,2
581,0,2993409,73,2,2
581,0,2993441,74,2,2
581,0,2993605,75,2,2
579,0,3001304,494,5,5
579,0,3001422,495,5,5
579,0,3001566,496,5,5
579,0,3001705,497,5,5
579,0,3001897,498,5,5
579,0,3002072,499,5,5
579,0,3002268,500,5,5
579,0,3002423,501,5,5
579,0,3002619,502,5,5
579,0,3002782,503,5,5
578,0,3017326,522,6,6
578,0,3017448,523,6,6
578,0,3017498,524,6,6
578,0,3017589,525,6,6
578,0,3019287,526,7,7
578,0,3027975,-1,True,False
578,0,3027979,-1,True,False
578,0,3027988,-1,True,False
578,0,3027996,-1,True,False
578,0,3028005,-1,True,False
578,0,3028014,-1,True,False
578,0,3028024,-1,True,False
578,0,3028032,-1,True,False
578,0,3028041,-1,True,False
578,0,3028063,-1,False,False
578,0,3028066,-1,False,False
578,0,3028076,-1,False,False
578,0,3028084,-1,False,False
578,0,3028093,-1,False,False
578,0,3028102,-1,False,False
578,0,3028111,-1,False,False
578,0,3028119,-1,False,False
578,0,3028129,-1,False,False
578,0,3028137,-1,False,False
578,0,3028147,-1,False,False
578,0,3028155,-1,False,False
578,0,3028165,-1,False,False
578,0,3028173,-1,False,False
578,0,3028183,-1,False,False
578,0,3028191,-1,False,False
578,0,3028201,-1,False,False
578,0,3028209,-1,False,False
578,0,3028218,-1,False,False
578,0,3028227,-1,False,False
578,1,3042319,510,8,8
578,1,3042440,511,8,8
578,1,3042546,512,8,8
578,1,3042660,513,8,8
578,1,3044355,514,9,9
578,1,3044439,515,9,9
578,1,3044548,516,9,9
578,1,3044662,517,9,9
578,1,3044771,518,9,9
578,1,3044893,519,9,9
578,1,3045006,520,9,9
581,0,3031665,-1,False,True
581,0,3031669,-1,False,True
578,1,3045120,521,9,9
578,1,3045237,522,9,9
578,1,3045351,523,9,9
578,1,3045469,524,9,9
578,1,3045585,525,9,9
578,1,3045703,526,9,9
578,1,3045817,527,9,9
578,1,3045935,528,9,9
578,1,3046055,529,9,9
578,1,3046173,530,9,9
578,1,3046291,531,9,9
578,1,3046409,532,9,9
578,1,3046535,533,9,9
578,1,3046652,534,9,9
578,1,3046773,535,9,9
578,1,3046887,536,9,9
578,1,3047009,537,9,9
578,1,3047130,538,9,9
578,1,3047256,539,9,9
578,1,3047369,540,9,9
578,1,3047490,541,9,9
578,1,3047604,542,9,9
578,1,3047726,543,9,9
578,1,3047847,544,9,9
578,1,3047961,545,9,9
578,1,3048097,546,9,9
578,1,3048215,547,9,9
578,1,3048341,548,9,9
578,1,3048462,549,9,9
578,1,3048588,550,9,9
578,1,3048717,551,9,9
578,1,3048847,552,9,9
578,1,3048964,553,9,9
578,1,3049089,554,9,9
578,1,3049223,555,9,9
578,1,3055029,556,9,9
578,1,3055123,557,9,9
578,1,3055198,558,9,9
578,1,3055307,559,9,9
578,1,3055417,560,9,9
578,1,3055539,561,9,9
578,1,3055664,562,9,9
578,1,3055797,563,9,9
578,1,3055919,564,9,9
578,1,3056048,565,9,9
578,1,3056173,566,9,9
578,1,3056303,567,9,9
578,1,3056436,568,9,9
578,1,3056561,569,9,9
578,0,3062918,527,7,7
578,0,3063005,528,7,7
578,0,3063103,529,7,7
578,0,3063196,530,7,7
578,0,3063303,531,7,7
578,0,3063408,532,7,7
578,0,3063518,533,7,7
578,0,3063631,534,7,7
578,0,3063737,535,7,7
578,0,3063843,536,7,7
578,0,3063964,537,7,7
578,0,3064075,538,7,7
578,0,3064208,539,7,7
578,0,3064321,540,7,7
578,0,3064442,541,7,7
578,0,3064556,542,7,7
578,0,3064674,543,7,7
578,0,3064791,544,7,7
578,0,3064912,545,7,7
578,0,3065034,546,7,7
578,0,3065163,547,7,7
578,0,3065289,548,7,7
578,0,3065402,549,7,7
578,0,3065528,550,7,7
578,0,3065653,551,7,7
578,0,3065783,552,7,7
578,0,3065916,553,7,7
578,0,3066041,554,7,7
578,0,3066174,555,7,7
578,0,3066307,556,7,7
578,0,3066468,557,7,7
578,0,3066593,558,7,7
578,0,3066727,559,7,7
580,0,3051791,-1,False,True
580,0,3051794,-1,False,True
580,0,3051804,-1,False,True
580,0,3051812,-1,False,True
580,0,3051822,-1,False,True
580,0,3051830,-1,False,True
580,0,3051839,-1,False,True
580,0,3051847,-1,False,True
580,0,3051856,-1,False,False
580,0,3051865,-1,False,False
580,0,3051875,-1,False,False
580,0,3051883,-1,False,False
580,0,3051892,-1,False,False
580,0,3051900,-1,False,False
580,0,3051911,-1,False,False
580,0,3051919,-1,False,False
580,0,3051928,-1,False,False
580,0,3051936,-1,False,False
580,0,3051947,-1,False,False
578,0,3067017,560,7,7
580,0,3051955,-1,False,False
580,0,3051964,-1,False,False
580,0,3051972,-1,False,False
580,0,3051981,-1,False,False
580,0,3051990,-1,False,False
580,0,3052000,-1,False,False
580,0,3052008,-1,False,False
580,0,3052017,-1,False,False
580,0,3052025,-1,False,False
580,0,3052036,-1,False,False
580,0,3052044,-1,False,False
580,0,3052053,-1,False,False
580,0,3052061,-1,False,False
580,0,3052071,-1,False,False
580,0,3052080,-1,False,False
578,0,3067165,561,7,7
580,0,3052089,-1,False,False
580,0,3052097,-1,False,False
580,0,3052106,-1,False,False
580,0,3052115,-1,False,False
580,0,3052125,-1,False,False
580,0,3052133,-1,False,False
580,0,3052142,-1,False,False
580,0,3052150,-1,False,False
580,0,3052161,-1,False,False
580,0,3052169,-1,False,False
580,0,3052178,-1,False,False
580,0,3052186,-1,False,False
580,0,3052196,-1,False,False
580,0,3052205,-1,False,False
580,0,3052214,-1,False,False
580,0,3052222,-1,False,False
580,0,3052231,-1,False,False
580,0,3052240,-1,False,False
580,0,3052250,-1,False,False
580,0,3052258,-1,False,False
580,0,3052267,-1,False,False
580,0,3052275,-1,False,False
580,0,3052285,-1,False,False
580,0,3052294,-1,False,False
580,0,3052303,-1,False,False
580,0,3052311,-1,False,False
580,0,3052321,-1,False,False
580,0,3052329,-1,False,False
580,0,3052339,-1,False,False
580,0,3052347,-1,False,False
580,0,3052356,-1,False,False
580,0,3052365,-1,False,False
580,0,3052375,-1,False,False
580,0,3052383,-1,False,False
580,0,3052392,-1,False,False
580,0,3052400,-1,False,False
580,0,3052410,-1,False,False
580,0,3052419,-1,False,False
580,0,3052428,-1,False,False
580,0,3052436,-1,False,False
580,0,3052446,-1,False,False
580,0,3052454,-1,False,False
580,0,3052464,-1,False,False
580,0,3052472,-1,False,False
580,0,3052482,-1,False,False
580,0,3052490,-1,False,False
580,0,3052499,-1,False,False
580,0,3052508,-1,False,False
580,0,3052517,-1,False,False
580,0,3052525,-1,False,False
580,0,3052535,-1,False,False
580,0,3052544,-1,False,False
580,0,3052553,-1,False,False
580,0,3052561,-1,False,False
580,0,3052571,-1,False,False
580,0,3052579,-1,False,False
580,0,3052589,-1,False,False
580,0,3052597,-1,False,False
580,0,3052607,-1,False,False
580,0,3052615,-1,False,False
580,0,3052624,-1,False,False
580,0,3052633,-1,False,False
580,0,3052642,-1,False,False
580,0,3052650,-1,False,False
580,0,3052660,-1,False,False
580,0,3052668,-1,False,False
580,0,3052678,-1,False,False
580,0,3052686,-1,False,False
580,0,3052696,-1,False,False
580,0,3052704,-1,False,False
580,0,3052713,-1,False,False
580,0,3052722,-1,False,False
580,0,3052732,-1,False,False
580,0,3052740,-1,False,False
580,0,3052749,-1,False,False
580,0,3052758,-1,False,False
580,0,3052767,-1,False,False
580,0,3052775,-1,False,False
580,0,3052785,-1,False,False
580,0,3052793,-1,False,False
578,0,3076097,562,7,7
578,0,3076799,563,7,7
578,0,3076924,564,7,7
579,1,3078239,203,2,2
579,1,3078381,204,2,2
579,1,3078533,205,2,2
579,1,3078679,206,2,2
579,1,3078802,207,2,2
579,1,3078945,208,2,2
579,1,3079073,209,2,2
579,1,3079192,210,2,2
579,1,3079327,211,2,2
579,1,3079471,212,2,2
579,1,3079609,213,2,2
579,1,3079756,214,2,2
579,1,3079903,215,2,2
579,1,3080070,216,2,2
579,1,3080251,217,2,2
579,1,3080417,218,2,2
579,1,3080579,219,2,2
579,1,3080753,220,2,2
579,1,3080919,221,2,2
579,1,3081077,222,2,2
579,1,3081246,223,2,2
579,1,3081436,224,2,2
579,1,3081598,225,2,2
579,1,3081780,226,2,2
579,1,3082100,227,2,2
579,1,3082301,228,2,2
579,1,3082494,229,2,2
579,1,3086954,230,2,2
579,1,3087147,231,2,2
579,1,3087309,232,2,2
581,1,3109768,1235,10,10
581,1,3109897,1236,10,10
581,1,3110026,1237,10,10
581,1,3110142,1238,10,10
581,1,3110295,1239,10,10
581,1,3110408,1240,10,10
581,1,3110597,1241,10,10
581,1,3110689,1242,10,10
581,1,3111023,1243,10,10
581,1,3111132,1244,10,10
581,1,3111471,1245,10,10
581,1,3111627,1246,10,10
581,1,3111780,1247,10,10
579,0,3115937,504,5,5
579,0,3116145,505,5,5
579,0,3116277,506,5,5
579,0,3116524,507,5,5
579,0,3116960,508,5,5
579,0,3117172,509,5,5
579,0,3117388,510,5,5
578,1,3133601,570,9,9
578,1,3133683,571,9,9
578,1,3133797,572,9,9
578,1,3133895,573,9,9
578,1,3134267,574,9,9
578,1,3134365,575,9,9
578,1,3134464,576,9,9
578,1,3134561,577,9,9
578,1,3134674,578,9,9
578,1,3134784,579,9,9
578,1,3134902,580,9,9
578,1,3135015,581,9,9
578,1,3135140,582,9,9
578,1,3135270,583,9,9
578,1,3135399,584,9,9
578,1,3135525,585,9,9
580,0,3121086,483,5,5
580,0,3121207,484,5,5
580,0,3121332,485,5,5
580,0,3121448,486,5,5
580,0,3123146,487,6,6
580,0,3123267,488,6,6
580,0,3123388,489,6,6
580,0,3123516,490,6,6
580,0,3123646,491,6,6
580,0,3123782,492,6,6
580,0,3123911,493,6,6
580,0,3124043,494,6,6
580,0,3124172,495,6,6
580,0,3124308,496,6,6
580,0,3124457,497,6,6
580,0,3124578,498,6,6
580,0,3124711,499,6,6
580,0,3124839,500,6,6
580,0,3124972,501,6,6
580,0,3125109,502,6,6
580,0,3125250,503,6,6
580,0,3125378,504,6,6
580,0,3125495,505,6,6
580,0,3125632,506,6,6
580,0,3125756,507,6,6
580,1,3131723,2020,18,18
580,1,3131825,2021,18,18
580,1,3131941,2022,18,18
580,1,3132055,2023,18,18
580,1,3132172,2024,18,18
580,1,3132281,2025,18,18
580,1,3132387,2026,18,18
580,1,3132492,2027,18,18
580,1,3132597,2028,18,18
580,1,3132710,2029,18,18
580,1,3132831,2030,18,18
580,1,3132945,2031,18,18
580,1,3133073,2032,18,18
580,1,3133206,2033,18,18
580,1,3133323,2034,18,18
580,1,3133441,2035,18,18
580,1,3133749,2036,18,18
580,1,3133854,2037,18,18
580,1,3133986,2038,18,18
580,1,3134108,2039,18,18
580,1,3134225,2040,18,18
580,1,3134338,2041,18,18
580,1,3134478,2042,18,18
580,1,3134615,2043,18,18
580,1,3134740,2044,18,18
580,1,3134861,2045,18,18
580,1,3134994,2046,18,18
580,1,3135126,2047,18,18
578,1,3154099,586,9,9
578,1,3154197,587,9,9
578,1,3154326,588,9,9
578,1,3154624,589,9,9
578,1,3154753,590,9,9
578,1,3154898,591,9,9
581,1,3167630,1248,10,10
581,1,3167826,1249,10,10
581,1,3168024,1250,10,10
581,1,3168141,1251,10,10
581,1,3168322,1252,10,10
580,0,3182873,-1,True,False
580,0,3182876,-1,True,False
580,0,3182886,-1,True,False
580,0,3182895,-1,True,False
580,0,3182904,-1,True,False
580,0,3182912,-1,True,False
580,0,3182921,-1,True,False
580,0,3182929,-1,True,False
580,0,3182939,-1,True,False
580,0,3182947,-1,False,False
580,0,3182957,-1,False,False
580,0,3182965,-1,False,False
580,0,3182974,-1,False,False
580,0,3182983,-1,False,False
580,0,3182993,-1,False,False
580,0,3183001,-1,False,False
580,0,3183010,-1,False,False
580,0,3183019,-1,False,False
580,0,3183028,-1,False,False
580,0,3183036,-1,False,False
580,0,3183046,-1,False,False
580,0,3183054,-1,False,False
580,0,3183064,-1,False,False
580,0,3183072,-1,False,False
580,0,3183082,-1,False,False
580,0,3183090,-1,False,False
580,0,3183099,-1,False,False
580,0,3183108,-1,False,False
580,0,3183118,-1,False,False
580,0,3183126,-1,False,False
580,0,3183135,-1,False,False
580,0,3183143,-1,False,False
580,0,3183153,-1,False,False
580,0,3183161,-1,False,False
580,0,3183171,-1,False,False
580,0,3183179,-1,False,False
580,0,3183188,-1,False,False
580,0,3183197,-1,False,False
580,0,3183207,-1,False,False
580,0,3183215,-1,False,False
580,0,3183224,-1,False,False
580,0,3183233,-1,False,False
580,0,3183243,-1,False,False
580,0,3183251,-1,False,False
580,0,3183260,-1,False,False
580,0,3183268,-1,False,False
580,0,3183278,-1,False,False
580,0,3183286,-1,False,False
580,0,3183296,-1,False,False
580,0,3183304,-1,False,False
580,0,3183313,-1,False,False
580,0,3183322,-1,False,False
580,0,3183332,-1,False,False
580,0,3183340,-1,False,False
580,0,3183349,-1,False,False
581,1,3207122,1253,10,10
581,1,3207300,1254,10,10
581,1,3207404,1255,10,10
581,1,3207557,1256,10,10
581,1,3207694,1257,10,10
581,1,3209645,1258,10,10
581,1,3209782,1259,10,10
581,1,3210856,1260,10,10
580,1,3237801,2048,18,18
580,1,3238012,2049,18,18
580,1,3238871,2050,18,18
580,1,3238933,2051,18,18
580,1,3240650,2052,19,19
578,0,3274558,565,7,7
578,0,3274695,566,7,7
578,0,3274827,567,7,7
578,0,3274941,568,7,7
578,0,3275035,569,7,7
578,0,3275149,570,7,7
578,0,3275251,571,7,7
578,0,3275361,572,7,7
578,0,3275474,573,7,7
578,0,3275592,574,7,7
578,0,3275709,575,7,7
578,0,3275831,576,7,7
578,0,3275952,577,7,7
578,0,3276073,578,7,7
578,0,3276204,579,7,7
578,0,3276333,580,7,7
578,0,3276462,581,7,7
578,0,3276602,582,7,7
578,0,3276767,583,7,7
580,0,3295766,-1,False,True
580,0,3295769,-1,False,True
580,0,3295778,-1,False,True
580,0,3295787,-1,False,True
580,0,3295797,-1,False,True
580,0,3295805,-1,False,True
580,0,3295814,-1,False,True
580,0,3295822,-1,False,True
580,0,3295832,-1,False,False
580,0,3295840,-1,False,False
580,0,3295850,-1,False,False
580,0,3295858,-1,False,False
580,0,3295867,-1,False,False
580,0,3295876,-1,False,False
580,0,3295885,-1,False,False
580,0,3295893,-1,False,False
580,0,3295903,-1,False,False
580,0,3295911,-1,False,False
580,0,3295921,-1,False,False
580,0,3295929,-1,False,False
580,0,3295939,-1,False,False
580,0,3295947,-1,False,False
580,0,3295956,-1,False,False
580,0,3295965,-1,False,False
580,0,3295975,-1,False,False
580,0,3295983,-1,False,False
580,0,3295992,-1,False,False
580,0,3296001,-1,False,False
580,0,3296010,-1,False,False
580,0,3296019,-1,False,False
580,0,3296028,-1,False,False
580,0,3296036,-1,False,False
580,0,3296046,-1,False,False
580,0,3296054,-1,False,False
580,0,3296064,-1,False,False
580,0,3296072,-1,False,False
580,0,3296081,-1,False,False
580,0,3296090,-1,False,False
580,0,3296100,-1,False,False
580,0,3296108,-1,False,False
580,0,3296117,-1,False,False
580,0,3296125,-1,False,False
580,0,3296135,-1,False,False
580,0,3296144,-1,False,False
580,0,3296153,-1,False,False
580,0,3296161,-1,False,False
580,0,3296171,-1,False,False
580,0,3296179,-1,False,False
580,0,3296189,-1,False,False
580,0,3296197,-1,False,False
580,0,3296206,-1,False,False
580,0,3296215,-1,False,False
580,0,3296225,-1,False,False
580,0,3296233,-1,False,False
580,0,3296242,-1,False,False
580,0,3296250,-1,False,False
580,0,3296260,-1,False,False
580,0,3296269,-1,False,False
580,0,3296278,-1,False,False
580,0,3296286,-1,False,False
580,0,3296295,-1,False,False
580,0,3296304,-1,False,False
580,0,3296314,-1,False,False
580,0,3296322,-1,False,False
580,0,3296331,-1,False,False
580,0,3296339,-1,False,False
580,0,3296350,-1,False,False
580,0,3296358,-1,False,False
580,0,3296367,-1,False,False
580,0,3296375,-1,False,False
580,0,3296386,-1,False,False
580,0,3296394,-1,False,False
580,0,3296403,-1,False,False
580,0,3296411,-1,False,False
580,0,3296420,-1,False,False
580,0,3296429,-1,False,False
580,0,3296439,-1,False,False
580,0,3296447,-1,False,False
580,0,3296456,-1,False,False
580,0,3296464,-1,False,False
580,0,3296475,-1,False,False
580,0,3296483,-1,False,False
580,0,3296492,-1,False,False
580,0,3296500,-1,False,False
580,0,3296510,-1,False,False
580,0,3296519,-1,False,False
580,0,3296528,-1,False,False
580,0,3296536,-1,False,False
580,0,3296545,-1,False,False
580,0,3296553,-1,False,False
580,0,3296564,-1,False,False
580,0,3296572,-1,False,False
580,0,3296581,-1,False,False
580,0,3296589,-1,False,False
580,0,3296600,-1,False,False
580,0,3296608,-1,False,False
580,0,3296617,-1,False,False
580,0,3296625,-1,False,False
580,0,3296635,-1,False,False
580,0,3296644,-1,False,False
580,0,3296653,-1,False,False
580,0,3296661,-1,False,False
580,0,3296670,-1,False,False
580,0,3296678,-1,False,False
580,0,3296689,-1,False,False
580,0,3296697,-1,False,False
580,0,3296706,-1,False,False
580,0,3296714,-1,False,False
580,0,3296724,-1,False,False
580,0,3296733,-1,False,False
580,0,3296742,-1,False,False
580,0,3296750,-1,False,False
580,0,3296760,-1,False,False
580,0,3296769,-1,False,False
580,0,3296778,-1,False,False
580,0,3296786,-1,False,False
580,0,3296795,-1,False,False
580,0,3296804,-1,False,False
580,0,3296814,-1,False,False
580,0,3296822,-1,False,False
580,0,3296831,-1,False,False
580,0,3296839,-1,False,False
580,0,3296849,-1,False,False
580,0,3296858,-1,False,False
580,0,3296867,-1,False,False
580,0,3296875,-1,False,False
580,0,3296885,-1,False,False
580,0,3296893,-1,False,False
580,0,3301343,508,6,6
580,0,3301588,509,6,6
580,0,3301690,510,6,6
580,0,3301795,511,6,6
580,0,3303490,512,7,7
580,0,3303629,513,7,7
580,0,3303750,514,7,7
580,0,3303868,515,7,7
580,0,3304000,516,7,7
580,0,3304129,517,7,7
580,0,3304398,518,7,7
580,0,3304519,519,7,7
580,0,3304655,520,7,7
580,0,3304788,521,7,7
580,0,3304916,522,7,7
580,0,3305218,523,7,7
580,0,3305338,524,7,7
580,0,3305455,525,7,7
580,0,3305573,526,7,7
580,0,3305709,527,7,7
580,0,3305834,528,7,7
580,0,3305959,529,7,7
580,0,3306087,530,7,7
580,0,3306216,531,7,7
580,0,3306345,532,7,7
580,0,3306477,533,7,7
580,0,3306610,534,7,7
580,0,3306735,535,7,7
580,0,3306872,536,7,7
580,0,3307142,537,7,7
580,0,3307270,538,7,7
580,0,3307399,539,7,7
580,0,3307524,540,7,7
580,0,3307649,541,7,7
580,0,3307781,542,7,7
580,0,3307910,543,7,7
580,0,3308179,544,7,7
580,0,3308311,545,7,7
580,0,3308448,546,7,7
580,0,3308577,547,7,7
580,0,3308710,548,7,7
580,0,3308843,549,7,7
580,0,3308963,550,7,7
580,0,3309100,551,7,7
580,0,3309229,552,7,7
580,0,3309353,553,7,7
580,0,3309478,554,7,7
580,0,3309619,555,7,7
578,0,3361657,-1,False,True
578,0,3361661,-1,False,True
578,0,3361671,-1,False,True
578,0,3361679,-1,False,True
578,0,3361688,-1,False,True
578,0,3361696,-1,False,True
578,0,3361707,-1,False,True
578,0,3361715,-1,False,True
578,0,3361724,-1,False,False
578,0,3361758,-1,False,False
578,0,3361762,-1,False,False
578,0,3361771,-1,False,False
578,0,3361779,-1,False,False
578,0,3361789,-1,False,False
578,0,3361798,-1,False,False
578,0,3361807,-1,False,False
578,0,3361815,-1,False,False
578,0,3361825,-1,False,False
581,1,3362388,1261,10,10
581,1,3362522,1262,10,10
581,1,3362678,1263,10,10
581,1,3362811,1264,10,10
581,1,3362952,1265,10,10
581,1,3363097,1266,10,10
581,1,3363237,1267,10,10
581,1,3363395,1268,10,10
578,0,3407008,584,7,7
578,0,3407122,585,7,7
578,0,3407244,586,7,7
578,0,3407373,587,7,7
578,0,3409111,588,8,8
578,0,3416332,589,8,8
578,0,3416418,590,8,8
578,0,3416512,591,8,8
578,0,3416614,592,8,8
578,0,3416720,593,8,8
578,0,3416829,594,8,8
578,0,3416935,595,8,8
578,0,3417061,596,8,8
578,0,3417175,597,8,8
578,0,3417284,598,8,8
578,0,3417409,599,8,8
578,0,3417550,600,8,8
578,0,3417672,601,8,8
578,0,3417790,602,8,8
578,0,3417919,603,8,8
578,0,3418040,604,8,8
578,0,3418173,605,8,8
578,0,3418303,606,8,8
578,0,3418460,607,8,8
578,0,3418615,608,8,8
578,0,3418761,609,8,8
578,0,3419098,610,8,8
578,0,3419243,611,8,8
578,0,3419376,612,8,8
578,0,3419522,613,8,8
578,0,3419678,614,8,8
578,0,3453204,615,8,8
578,0,3453298,616,8,8
578,0,3453405,617,8,8
578,0,3453545,618,8,8
578,0,3453686,619,8,8
578,0,3453815,620,8,8
578,0,3453944,621,8,8
578,0,3454082,622,8,8
578,0,3454199,623,8,8
578,0,3454317,624,8,8
578,0,3454446,625,8,8
578,0,3454564,626,8,8
578,0,3454689,627,8,8
578,0,3454815,628,8,8
578,0,3454937,629,8,8
578,0,3455057,630,8,8
578,0,3455175,631,8,8
578,0,3455289,632,8,8
578,0,3455407,633,8,8
578,0,3455532,634,8,8
578,0,3455653,635,8,8
578,0,3455787,636,8,8
578,0,3455911,637,8,8
578,0,3456061,638,8,8
578,0,3456214,639,8,8
578,0,3456378,640,8,8
578,0,3456512,641,8,8
578,0,3456676,642,8,8
578,0,3466016,643,8,8
578,0,3466306,644,8,8
578,0,3466463,645,8,8
578,0,3466603,646,8,8
578,0,3466788,647,8,8
578,0,3466929,648,8,8
578,0,3467058,649,8,8
578,0,3467184,650,8,8
578,0,3467313,651,8,8
578,0,3467438,652,8,8
578,0,3467564,653,8,8
578,0,3467684,654,8,8
578,0,3467813,655,8,8
578,0,3467948,656,8,8
578,0,3468096,657,8,8
578,0,3468293,658,8,8
578,0,3468398,659,8,8
578,1,3488805,592,9,9
578,1,3488927,593,9,9
578,1,3489041,594,9,9
580,1,3479898,2053,19,19
580,1,3481524,2054,19,19
581,0,3492866,76,2,2
581,0,3493039,77,2,2
581,0,3493208,78,2,2
581,0,3493288,79,2,2
581,1,3512934,1269,10,10
581,1,3513152,1270,10,10
581,1,3513296,1271,10,10
581,1,3513416,1272,10,10
581,0,3520754,-1,False,True
581,0,3520758,-1,False,True
581,0,3520768,-1,False,True
581,0,3520776,-1,False,True
581,0,3520785,-1,False,True
581,0,3520793,-1,False,True
581,0,3520803,-1,False,True
581,0,3520812,-1,False,True
581,0,3520821,-1,False,False
581,0,3520829,-1,False,False
581,0,3520838,-1,False,False
581,0,3520846,-1,False,False
581,0,3520857,-1,False,False
581,0,3520865,-1,False,False
581,0,3520874,-1,False,False
581,0,3520882,-1,False,False
581,0,3520892,-1,False,False
581,0,3520901,-1,False,False
581,0,3520910,-1,False,False
581,0,3520918,-1,False,False
581,0,3520928,-1,False,False
581,0,3520936,-1,False,False
581,0,3520946,-1,False,False
581,0,3520954,-1,False,False
581,0,3520963,-1,False,False
581,0,3520971,-1,False,False
581,0,3520982,-1,False,False
581,0,3520990,-1,False,False
581,0,3520999,-1,False,False
581,0,3521007,-1,False,False
581,0,3521017,-1,False,False
581,0,3521026,-1,False,False
581,0,3521035,-1,False,False
581,0,3521043,-1,False,False
581,0,3521053,-1,False,False
581,0,3521061,-1,False,False
581,0,3521071,-1,False,False
581,0,3521079,-1,False,False
581,0,3521088,-1,False,False
581,0,3521096,-1,False,False
581,0,3521106,-1,False,False
581,0,3521115,-1,False,False
581,0,3521124,-1,False,False
581,0,3521132,-1,False,False
581,0,3521142,-1,False,False
581,0,3521150,-1,False,False
581,0,3521160,-1,False,False
581,0,3521168,-1,False,False
581,0,3521288,-1,False,False
581,0,3521292,-1,False,False
581,0,3521301,-1,False,False
581,0,3521309,-1,False,False
581,0,3521318,-1,False,False
581,0,3521327,-1,False,False
581,0,3521337,-1,False,False
581,0,3521345,-1,False,False
581,0,3521354,-1,False,False
581,0,3521362,-1,False,False
581,0,3521373,-1,False,False
581,0,3521381,-1,False,False
581,0,3521390,-1,False,False
581,0,3521398,-1,False,False
581,0,3521409,-1,False,False
581,0,3521417,-1,False,False
581,0,3521426,-1,False,False
581,0,3521434,-1,False,False
581,0,3521443,-1,False,False
581,0,3521452,-1,False,False
581,0,3521462,-1,False,False
581,0,3521470,-1,False,False
581,0,3521479,-1,False,False
581,0,3521487,-1,False,False
581,0,3521498,-1,False,False
581,0,3521506,-1,False,False
581,0,3521515,-1,False,False
581,0,3521523,-1,False,False
581,0,3521533,-1,False,False
581,0,3521542,-1,False,False
581,0,3521551,-1,False,False
581,0,3521559,-1,False,False
581,0,3521568,-1,False,False
581,0,3521576,-1,False,False
581,0,3521587,-1,False,False
581,0,3521595,-1,False,False
581,0,3521604,-1,False,False
581,0,3521612,-1,False,False
581,0,3521623,-1,False,False
581,0,3521631,-1,False,False
581,0,3521640,-1,False,False
581,0,3521648,-1,False,False
581,0,3521658,-1,False,False
581,0,3521667,-1,False,False
581,0,3521676,-1,False,False
581,0,3521684,-1,False,False
581,0,3521693,-1,False,False
581,0,3521702,-1,False,False
581,0,3521712,-1,False,False
581,0,3521720,-1,False,False
581,0,3521729,-1,False,False
581,0,3521737,-1,False,False
581,0,3521747,-1,False,False
581,0,3521756,-1,False,False
581,0,3521765,-1,False,False
581,0,3521773,-1,False,False
581,0,3521783,-1,False,False
581,0,3521792,-1,False,False
581,0,3521801,-1,False,False
581,0,3521809,-1,False,False
581,0,3521818,-1,False,False
581,0,3521827,-1,False,False
581,0,3521837,-1,False,False
581,0,3521845,-1,False,False
581,0,3521854,-1,False,False
581,0,3521862,-1,False,False
581,0,3521872,-1,False,False
581,0,3521881,-1,False,False
581,0,3521890,-1,False,False
581,0,3521898,-1,False,False
581,0,3521908,-1,False,False
581,0,3521916,-1,False,False
581,0,3521926,-1,False,False
581,0,3521934,-1,False,False
581,0,3521943,-1,False,False
581,0,3521952,-1,False,False
581,0,3521961,-1,False,False
581,0,3521970,-1,False,False
581,0,3521979,-1,False,False
581,0,3521987,-1,False,False
581,0,3521997,-1,False,False
581,0,3522006,-1,False,False
581,0,3522015,-1,False,False
581,0,3522023,-1,False,False
581,0,3522033,-1,False,False
581,0,3522041,-1,False,False
581,0,3522051,-1,False,False
581,0,3522059,-1,False,False
581,0,3522069,-1,False,False
581,0,3522077,-1,False,False
581,0,3522086,-1,False,False
581,0,3522095,-1,False,False
581,0,3522104,-1,False,False
581,0,3522112,-1,False,False
581,0,3522122,-1,False,False
581,0,3522130,-1,False,False
581,0,3522140,-1,False,False
581,0,3522148,-1,False,False
581,0,3522158,-1,False,False
581,0,3522166,-1,False,False
581,0,3522176,-1,False,False
581,0,3522184,-1,False,False
581,0,3522194,-1,False,False
581,0,3522202,-1,False,False
581,0,3522211,-1,False,False
581,0,3522220,-1,False,False
581,0,3522229,-1,False,False
581,0,3522237,-1,False,False
581,0,3522247,-1,False,False
581,0,3522255,-1,False,False
581,0,3522265,-1,False,False
581,0,3522273,-1,False,False
581,0,3522283,-1,False,False
581,0,3522291,-1,False,False
581,0,3522300,-1,False,False
581,0,3522309,-1,False,False
581,0,3522319,-1,False,False
581,0,3522327,-1,False,False
581,0,3522336,-1,False,False
581,0,3522344,-1,False,False
581,0,3522354,-1,False,False
581,0,3522362,-1,False,False
581,0,3522372,-1,False,False
581,0,3522380,-1,False,False
581,0,3522390,-1,False,False
581,0,3522398,-1,False,False
581,0,3522408,-1,False,False
581,0,3522416,-1,False,False
581,0,3522425,-1,False,False
581,0,3522434,-1,False,False
581,0,3522444,-1,False,False
581,0,3522452,-1,False,False
578,0,3538947,-1,True,False
578,0,3538950,-1,True,False
578,0,3538960,-1,True,False
578,0,3538968,-1,True,False
578,0,3538977,-1,True,False
578,0,3538985,-1,True,False
578,0,3538995,-1,True,False
578,0,3539003,-1,True,False
578,0,3539012,-1,True,False
578,0,3539020,-1,False,False
578,0,3539031,-1,False,False
578,0,3539039,-1,False,False
578,0,3539048,-1,False,False
578,0,3539056,-1,False,False
578,0,3539066,-1,False,False
578,0,3539075,-1,False,False
578,0,3539084,-1,False,False
578,0,3539092,-1,False,False
578,0,3539101,-1,False,False
578,0,3539109,-1,False,False
578,0,3539120,-1,False,False
578,0,3539128,-1,False,False
578,0,3539137,-1,False,False
578,0,3539145,-1,False,False
578,0,3539155,-1,False,False
578,0,3539164,-1,False,False
578,0,3539173,-1,False,False
578,0,3539181,-1,False,False
578,0,3539191,-1,False,False
578,0,3539200,-1,False,False
578,0,3542161,660,8,8
578,0,3542305,661,8,8
578,0,3542419,662,8,8
578,0,3542568,663,8,8
578,0,3544279,664,9,9
578,0,3544389,665,9,9
578,0,3544499,666,9,9
578,0,3544616,667,9,9
578,0,3544730,668,9,9
578,0,3544848,669,9,9
578,0,3544973,670,9,9
578,0,3545086,671,9,9
578,0,3545204,672,9,9
578,0,3545325,673,9,9
578,0,3545443,674,9,9
578,0,3545556,675,9,9
578,0,3545677,676,9,9
578,0,3545791,677,9,9
578,0,3545917,678,9,9
578,0,3546038,679,9,9
578,0,3546147,680,9,9
578,0,3546273,681,9,9
578,0,3546390,682,9,9
578,0,3546512,683,9,9
578,0,3546645,684,9,9
578,0,3546763,685,9,9
578,0,3546888,686,9,9
578,0,3547010,687,9,9
578,0,3547134,688,9,9
578,0,3547259,689,9,9
578,0,3547401,690,9,9
578,0,3547523,691,9,9
578,0,3547643,692,9,9
578,0,3547772,693,9,9
578,0,3547906,694,9,9
578,0,3548035,695,9,9
578,0,3548156,696,9,9
578,0,3548298,697,9,9
578,0,3548420,698,9,9
578,0,3548553,699,9,9
578,0,3548682,700,9,9
578,0,3548811,701,9,9
578,0,3548944,702,9,9
578,0,3549092,703,9,9
578,0,3549230,704,9,9
578,0,3549375,705,9,9
578,0,3549511,706,9,9
578,0,3549649,707,9,9
578,0,3549790,708,9,9
578,0,3549927,709,9,9
578,0,3550060,710,9,9
578,0,3550193,711,9,9
578,0,3550322,712,9,9
578,0,3550472,713,9,9
578,0,3550605,714,9,9
578,0,3550741,715,9,9
578,0,3550878,716,9,9
578,0,3551016,717,9,9
578,0,3551173,718,9,9
578,0,3551318,719,9,9
578,0,3551459,720,9,9
578,0,3551599,721,9,9
578,0,3551752,722,9,9
578,0,3551924,723,9,9
578,0,3552054,724,9,9
578,0,3552202,725,9,9
578,0,3552348,726,9,9
578,0,3552492,727,9,9
578,0,3552661,728,9,9
578,0,3552801,729,9,9
578,0,3552947,730,9,9
578,0,3553095,731,9,9
578,0,3553268,732,9,9
578,0,3553409,733,9,9
578,0,3553945,734,9,9
580,0,3542838,-1,True,False
580,0,3542842,-1,True,False
580,0,3542851,-1,True,False
580,0,3542859,-1,True,False
580,0,3542868,-1,True,False
580,0,3542877,-1,True,False
580,0,3542886,-1,True,False
580,0,3542894,-1,True,False
580,0,3542904,-1,True,False
580,0,3542913,-1,False,False
580,0,3542922,-1,False,False
580,0,3542930,-1,False,False
580,0,3542939,-1,False,False
580,0,3542948,-1,False,False
580,0,3542958,-1,False,False
580,0,3542966,-1,False,False
580,0,3542975,-1,False,False
580,0,3542983,-1,False,False
580,0,3542993,-1,False,False
580,0,3543002,-1,False,False
580,0,3543011,-1,False,False
580,0,3543019,-1,False,False
580,0,3543029,-1,False,False
580,0,3543037,-1,False,False
580,0,3543047,-1,False,False
580,0,3543055,-1,False,False
580,0,3543064,-1,False,False
580,0,3543073,-1,False,False
580,0,3543083,-1,False,False
580,0,3543091,-1,False,False
580,0,3543100,-1,False,False
580,0,3543108,-1,False,False
580,0,3543118,-1,False,False
580,0,3543127,-1,False,False
580,0,3543136,-1,False,False
580,0,3543144,-1,False,False
580,0,3543154,-1,False,False
580,0,3543162,-1,False,False
580,0,3543172,-1,False,False
580,0,3543180,-1,False,False
580,0,3543189,-1,False,False
580,0,3543198,-1,False,False
580,0,3543207,-1,False,False
580,0,3543216,-1,False,False
580,0,3543225,-1,False,False
580,0,3543233,-1,False,False
580,0,3543243,-1,False,False
580,0,3543251,-1,False,False
580,0,3543261,-1,False,False
580,0,3543269,-1,False,False
580,0,3543279,-1,False,False
580,0,3543287,-1,False,False
580,0,3543297,-1,False,False
580,0,3543305,-1,False,False
580,0,3543315,-1,False,False
580,0,3543323,-1,False,False
580,0,3543332,-1,False,False
580,0,3543341,-1,False,False
578,1,3563006,595,9,9
580,0,3558831,556,7,7
580,0,3558967,557,7,7
580,0,3559080,558,7,7
580,0,3559205,559,7,7
580,0,3561122,560,8,8
580,0,3561370,561,8,8
580,0,3561487,562,8,8
580,0,3561609,563,8,8
580,0,3561730,564,8,8
578,0,3577901,-1,True,False
578,0,3577904,-1,True,False
578,0,3577913,-1,True,False
578,0,3577921,-1,True,False
578,0,3577930,-1,True,False
578,0,3577938,-1,True,False
578,0,3577949,-1,True,False
578,0,3577957,-1,True,False
578,0,3577966,-1,True,False
578,0,3577974,-1,False,False
578,0,3577984,-1,False,False
580,0,3561862,565,8,8
578,0,3577992,-1,False,False
578,0,3578002,-1,False,False
578,0,3578010,-1,False,False
578,0,3578019,-1,False,False
578,0,3578028,-1,False,False
578,0,3578038,-1,False,False
578,0,3578046,-1,False,False
578,0,3578055,-1,False,False
578,0,3578063,-1,False,False
578,0,3578074,-1,False,False
580,0,3561982,566,8,8
580,0,3562112,567,8,8
578,0,3582711,735,9,9
578,0,3582814,736,9,9
578,0,3582944,737,9,9
578,0,3583073,738,9,9
581,0,3569492,80,2,2
581,0,3569586,81,2,2
581,0,3569726,82,2,2
581,0,3569944,83,2,2
578,0,3584775,739,10,10
578,0,3584860,740,10,10
578,0,3584969,741,10,10
578,0,3585197,742,10,10
578,0,3585306,743,10,10
578,0,3585417,744,10,10
581,0,3571637,84,3,3
578,0,3585655,745,10,10
581,0,3571959,85,3,3
578,0,3585883,746,10,10
578,0,3586004,747,10,10
581,0,3572145,86,3,3
578,0,3586117,748,10,10
578,0,3586243,749,10,10
581,0,3572433,87,3,3
578,0,3586470,750,10,10
581,0,3572587,88,3,3
578,0,3586592,751,10,10
578,0,3586721,752,10,10
578,0,3586964,753,10,10
578,0,3587082,754,10,10
578,0,3587203,755,10,10
578,0,3587329,756,10,10
578,0,3587458,757,10,10
578,0,3587584,758,10,10
578,0,3587717,759,10,10
578,0,3587846,760,10,10
578,0,3587972,761,10,10
578,0,3588092,762,10,10
578,0,3588221,763,10,10
578,0,3588359,764,10,10
578,0,3588485,765,10,10
578,0,3588626,766,10,10
578,0,3588755,767,10,10
578,0,3588881,768,10,10
578,0,3589009,769,10,10
578,0,3589139,770,10,10
578,0,3589269,771,10,10
578,0,3589401,772,10,10
578,0,3589531,773,10,10
578,0,3589664,774,10,10
578,0,3589800,775,10,10
578,0,3589931,776,10,10
578,0,3590072,777,10,10
578,0,3590213,778,10,10
578,0,3590349,779,10,10
578,0,3590487,780,10,10
578,0,3590625,781,10,10
578,0,3590757,782,10,10
578,0,3590898,783,10,10
578,0,3591035,784,10,10
578,0,3591173,785,10,10
578,0,3591310,786,10,10
578,0,3591443,787,10,10
578,0,3591584,788,10,10
578,0,3591725,789,10,10
578,0,3591862,790,10,10
578,0,3592002,791,10,10
578,0,3592147,792,10,10
578,0,3592281,793,10,10
578,0,3592426,794,10,10
578,0,3592566,795,10,10
578,0,3592700,796,10,10
578,0,3592857,797,10,10
578,0,3592974,798,10,10
578,0,3593119,799,10,10
578,0,3593260,800,10,10
578,0,3593405,801,10,10
578,0,3593546,802,10,10
578,0,3593691,803,10,10
578,0,3593836,804,10,10
578,0,3593986,805,10,10
578,0,3594133,806,10,10
578,0,3594291,807,10,10
581,0,3580515,-1,True,False
578,0,3594439,808,10,10
581,0,3580518,-1,True,False
581,0,3580528,-1,True,False
581,0,3580536,-1,True,False
581,0,3580546,-1,True,False
581,0,3580554,-1,True,False
581,0,3580563,-1,True,False
581,0,3580571,-1,True,False
581,0,3580580,-1,True,False
581,0,3580589,-1,False,False
581,0,3580599,-1,False,False
581,0,3580607,-1,False,False
581,0,3580616,-1,False,False
581,0,3580624,-1,False,False
581,0,3580635,-1,False,False
581,0,3580643,-1,False,False
578,0,3594573,809,10,10
581,0,3580652,-1,False,False
581,0,3580660,-1,False,False
581,0,3580669,-1,False,False
581,0,3580678,-1,False,False
581,0,3580688,-1,False,False
581,0,3580696,-1,False,False
581,0,3580705,-1,False,False
581,0,3580713,-1,False,False
581,0,3580724,-1,False,False
581,0,3580732,-1,False,False
581,0,3580741,-1,False,False
581,0,3580749,-1,False,False
581,0,3580760,-1,False,False
581,0,3580768,-1,False,False
578,0,3594698,810,10,10
581,0,3580777,-1,False,False
581,0,3580785,-1,False,False
581,0,3580794,-1,False,False
581,0,3580803,-1,False,False
581,0,3580813,-1,False,False
581,0,3580821,-1,False,False
581,0,3580830,-1,False,False
581,0,3580838,-1,False,False
581,0,3580849,-1,False,False
581,0,3580857,-1,False,False
581,0,3580866,-1,False,False
581,0,3580874,-1,False,False
581,0,3580884,-1,False,False
581,0,3580893,-1,False,False
581,0,3580902,-1,False,False
578,0,3594840,811,10,10
581,0,3580910,-1,False,False
581,0,3580919,-1,False,False
581,0,3580929,-1,False,False
581,0,3580938,-1,False,False
581,0,3580946,-1,False,False
581,0,3580955,-1,False,False
581,0,3580963,-1,False,False
581,0,3580974,-1,False,False
581,0,3580982,-1,False,False
581,0,3580991,-1,False,False
581,0,3580999,-1,False,False
581,0,3581009,-1,False,False
581,0,3581018,-1,False,False
581,0,3581027,-1,False,False
581,0,3581035,-1,False,False
581,0,3581044,-1,False,False
578,0,3594980,812,10,10
581,0,3581053,-1,False,False
581,0,3581063,-1,False,False
581,0,3581071,-1,False,False
581,0,3581080,-1,False,False
581,0,3581088,-1,False,False
581,0,3581099,-1,False,False
581,0,3581107,-1,False,False
581,0,3581116,-1,False,False
581,0,3581124,-1,False,False
581,0,3581134,-1,False,False
581,0,3581143,-1,False,False
581,0,3581152,-1,False,False
581,0,3581160,-1,False,False
581,0,3581169,-1,False,False
581,0,3581178,-1,False,False
581,0,3581188,-1,False,False
581,0,3581196,-1,False,False
581,0,3581205,-1,False,False
581,0,3581213,-1,False,False
578,0,3595141,813,10,10
578,0,3595278,814,10,10
578,0,3595423,815,10,10
578,0,3595564,816,10,10
578,0,3595720,817,10,10
578,0,3595995,818,10,10
578,0,3596136,819,10,10
578,0,3596284,820,10,10
578,0,3596426,821,10,10
578,0,3596579,822,10,10
578,0,3596712,823,10,10
578,0,3596865,824,10,10
578,0,3597029,825,10,10
578,0,3597174,826,10,10
578,0,3607687,827,10,10
578,0,3607792,828,10,10
578,0,3607938,829,10,10
578,0,3608075,830,10,10
578,0,3608216,831,10,10
578,0,3608353,832,10,10
578,0,3608510,833,10,10
578,0,3608639,834,10,10
578,0,3608773,835,10,10
578,0,3608937,836,10,10
580,0,3604029,-1,True,False
580,0,3604032,-1,True,False
580,0,3604041,-1,True,False
580,0,3604049,-1,True,False
580,0,3604060,-1,True,False
580,0,3604068,-1,True,False
580,0,3604077,-1,True,False
580,0,3604085,-1,True,False
580,0,3604094,-1,True,False
580,0,3604103,-1,False,False
580,0,3604112,-1,False,False
580,0,3604121,-1,False,False
580,0,3604130,-1,False,False
580,0,3604139,-1,False,False
580,0,3604148,-1,False,False
580,0,3604156,-1,False,False
580,0,3604166,-1,False,False
580,0,3604174,-1,False,False
580,0,3604184,-1,False,False
580,0,3604192,-1,False,False
580,0,3604202,-1,False,False
580,0,3604210,-1,False,False
580,0,3604219,-1,False,False
580,0,3604228,-1,False,False
580,0,3604238,-1,False,False
580,0,3604246,-1,False,False
580,0,3604255,-1,False,False
580,0,3604263,-1,False,False
580,0,3604273,-1,False,False
580,0,3604281,-1,False,False
580,0,3604291,-1,False,False
580,0,3604299,-1,False,False
580,0,3604308,-1,False,False
580,0,3604317,-1,False,False
580,0,3604327,-1,False,False
580,0,3604335,-1,False,False
580,0,3604344,-1,False,False
580,0,3604353,-1,False,False
580,0,3604363,-1,False,False
580,0,3604371,-1,False,False
580,0,3604380,-1,False,False
580,0,3604388,-1,False,False
580,0,3604398,-1,False,False
580,0,3604406,-1,False,False
580,0,3604416,-1,False,False
580,0,3604424,-1,False,False
580,0,3604433,-1,False,False
580,0,3604442,-1,False,False
580,0,3604452,-1,False,False
580,0,3604460,-1,False,False
580,0,3604469,-1,False,False
580,0,3604477,-1,False,False
580,0,3604488,-1,False,False
580,0,3604496,-1,False,False
580,0,3604505,-1,False,False
580,0,3604513,-1,False,False
580,0,3604523,-1,False,False
580,0,3604531,-1,False,False
580,0,3604541,-1,False,False
580,0,3604549,-1,False,False
580,0,3604558,-1,False,False
580,0,3604567,-1,False,False
580,0,3604577,-1,False,False
580,0,3604585,-1,False,False
580,0,3604594,-1,False,False
580,0,3604602,-1,False,False
580,0,3604613,-1,False,False
580,0,3604621,-1,False,False
580,0,3604630,-1,False,False
580,0,3604638,-1,False,False
580,0,3604647,-1,False,False
580,0,3604657,-1,False,False
580,0,3604666,-1,False,False
580,0,3604674,-1,False,False
580,0,3604683,-1,False,False
580,0,3604691,-1,False,False
580,0,3604702,-1,False,False
580,0,3604710,-1,False,False
580,0,3604719,-1,False,False
580,0,3604727,-1,False,False
580,0,3604738,-1,False,False
580,0,3604746,-1,False,False
580,0,3604755,-1,False,False
580,0,3608445,-1,False,False
580,0,3608449,-1,False,False
580,0,3608459,-1,False,False
580,0,3608467,-1,False,False
580,0,3608476,-1,False,False
580,0,3608484,-1,False,False
580,0,3608495,-1,False,False
580,0,3608503,-1,False,False
580,0,3608512,-1,False,False
580,0,3608520,-1,False,False
580,0,3608529,-1,False,False
580,0,3608538,-1,False,False
580,0,3608548,-1,False,False
580,0,3608556,-1,False,False
580,0,3608565,-1,False,False
580,0,3608573,-1,False,False
580,0,3608584,-1,False,False
580,0,3608592,-1,False,False
580,0,3608601,-1,False,False
580,0,3608609,-1,False,False
580,0,3608620,-1,False,False
580,0,3608628,-1,False,False
580,0,3608637,-1,False,False
580,0,3608645,-1,False,False
580,0,3608654,-1,False,False
580,0,3608664,-1,False,False
580,0,3608673,-1,False,False
580,0,3608681,-1,False,False
580,0,3608690,-1,False,False
580,0,3608698,-1,False,False
580,0,3608709,-1,False,False
580,0,3608717,-1,False,False
580,0,3608726,-1,False,False
580,0,3608734,-1,False,False
580,0,3608744,-1,False,False
580,0,3608753,-1,False,False
580,0,3608762,-1,False,False
580,0,3608770,-1,False,False
580,0,3608779,-1,False,False
580,0,3608788,-1,False,False
580,0,3608798,-1,False,False
580,0,3608806,-1,False,False
580,0,3608815,-1,False,False
580,0,3608823,-1,False,False
580,0,3608834,-1,False,False
580,0,3608842,-1,False,False
580,0,3608851,-1,False,False
580,0,3608859,-1,False,False
580,0,3608869,-1,False,False
580,0,3608878,-1,False,False
580,0,3608887,-1,False,False
580,0,3608895,-1,False,False
580,0,3608904,-1,False,False
580,0,3608913,-1,False,False
580,0,3608923,-1,False,False
580,0,3608931,-1,False,False
580,0,3608940,-1,False,False
580,0,3608948,-1,False,False
580,0,3608958,-1,False,False
580,0,3608967,-1,False,False
580,0,3608976,-1,False,False
580,0,3608984,-1,False,False
580,0,3608994,-1,False,False
580,0,3609003,-1,False,False
580,0,3609012,-1,False,False
580,0,3609020,-1,False,False
580,0,3609029,-1,False,False
578,0,3645066,-1,True,False
578,0,3645069,-1,True,False
578,0,3645078,-1,True,False
578,0,3645086,-1,True,False
578,0,3645096,-1,True,False
578,0,3645105,-1,True,False
578,0,3645114,-1,True,False
578,0,3645122,-1,True,False
578,0,3645131,-1,True,False
578,0,3645139,-1,False,False
578,0,3645149,-1,False,False
578,0,3645158,-1,False,False
578,0,3645167,-1,False,False
581,1,3637455,1273,10,10
580,1,3636926,2055,19,19
580,1,3637123,2056,19,19
580,1,3637212,2057,19,19
580,1,3639158,2058,19,19
578,0,3656839,837,10,10
578,0,3656929,838,10,10
580,1,3640957,2059,20,20
580,1,3640999,2060,20,20
580,1,3641141,2061,20,20
580,1,3641253,2062,20,20
578,0,3657654,839,10,10
580,1,3641374,2063,20,20
578,0,3657790,840,10,10
580,1,3641503,2064,20,20
580,1,3641625,2065,20,20
580,1,3641738,2066,20,20
580,1,3641859,2067,20,20
578,0,3659559,841,11,11
578,0,3667458,842,11,11
578,0,3668018,843,11,11
578,0,3668320,844,11,11
578,0,3668660,845,11,11
578,0,3668888,846,11,11
578,0,3668994,847,11,11
578,0,3669103,848,11,11
578,0,3669221,849,11,11
578,0,3669339,850,11,11
578,0,3669455,851,11,11
578,0,3669573,852,11,11
578,0,3669698,853,11,11
578,0,3669812,854,11,11
578,0,3669931,855,11,11
578,0,3670047,856,11,11
578,0,3670165,857,11,11
578,0,3670283,858,11,11
578,0,3670396,859,11,11
578,0,3670517,860,11,11
578,0,3670643,861,11,11
578,0,3670756,862,11,11
578,0,3670878,863,11,11
578,0,3671000,864,11,11
578,0,3671120,865,11,11
578,0,3671242,866,11,11
578,0,3671367,867,11,11
578,0,3671485,868,11,11
578,0,3671618,869,11,11
578,0,3671732,870,11,11
578,0,3671854,871,11,11
578,0,3671974,872,11,11
578,0,3672099,873,11,11
578,0,3672229,874,11,11
578,0,3672358,875,11,11
578,0,3672483,876,11,11
578,0,3672617,877,11,11
578,0,3672762,878,11,11
578,0,3672888,879,11,11
578,0,3673005,880,11,11
578,0,3673131,881,11,11
578,0,3673244,882,11,11
578,0,3673373,883,11,11
578,0,3673495,884,11,11
578,0,3673636,885,11,11
578,0,3673757,886,11,11
578,0,3673894,887,11,11
578,0,3674028,888,11,11
578,0,3674158,889,11,11
578,0,3674291,890,11,11
578,0,3674428,891,11,11
578,0,3674561,892,11,11
578,0,3674698,893,11,11
578,0,3674831,894,11,11
578,0,3674964,895,11,11
578,0,3675098,896,11,11
578,0,3675231,897,11,11
578,0,3675364,898,11,11
578,0,3675501,899,11,11
578,0,3675784,900,11,11
578,0,3675920,901,11,11
578,0,3676065,902,11,11
578,0,3677644,903,11,11
578,0,3677780,904,11,11
580,0,3669269,-1,False,True
580,0,3669272,-1,False,True
580,0,3669281,-1,False,True
580,0,3669289,-1,False,True
580,0,3669300,-1,False,True
580,0,3669308,-1,False,True
580,0,3669317,-1,False,True
580,0,3669325,-1,False,True
580,0,3669335,-1,False,False
580,0,3669343,-1,False,False
580,0,3669353,-1,False,False
580,0,3669361,-1,False,False
580,0,3669370,-1,False,False
580,0,3669379,-1,False,False
580,0,3669388,-1,False,False
580,0,3669397,-1,False,False
580,0,3669406,-1,False,False
580,0,3669414,-1,False,False
580,0,3669424,-1,False,False
580,0,3669432,-1,False,False
580,0,3669442,-1,False,False
580,0,3669450,-1,False,False
580,0,3669459,-1,False,False
580,0,3669468,-1,False,False
580,0,3669478,-1,False,False
580,0,3669486,-1,False,False
580,0,3669495,-1,False,False
580,0,3669504,-1,False,False
580,0,3669513,-1,False,False
580,0,3669522,-1,False,False
580,0,3669531,-1,False,False
580,0,3669539,-1,False,False
580,0,3669549,-1,False,False
580,0,3669557,-1,False,False
580,0,3669567,-1,False,False
580,0,3669575,-1,False,False
580,0,3669584,-1,False,False
580,0,3669593,-1,False,False
580,0,3669603,-1,False,False
580,0,3669611,-1,False,False
580,0,3669620,-1,False,False
580,0,3669628,-1,False,False
580,0,3669638,-1,False,False
580,0,3669647,-1,False,False
580,0,3669656,-1,False,False
580,0,3669664,-1,False,False
580,0,3669673,-1,False,False
580,0,3669682,-1,False,False
580,0,3669692,-1,False,False
580,0,3669700,-1,False,False
580,0,3669709,-1,False,False
580,0,3669718,-1,False,False
580,0,3669728,-1,False,False
580,0,3669736,-1,False,False
580,0,3669745,-1,False,False
580,0,3669753,-1,False,False
580,0,3669764,-1,False,False
580,0,3669772,-1,False,False
580,0,3669781,-1,False,False
580,0,3669789,-1,False,False
580,0,3669798,-1,False,False
580,0,3669807,-1,False,False
580,0,3669817,-1,False,False
580,0,3669825,-1,False,False
580,0,3669834,-1,False,False
580,0,3669842,-1,False,False
580,0,3669853,-1,False,False
580,0,3669861,-1,False,False
580,0,3669870,-1,False,False
580,0,3669878,-1,False,False
580,0,3669889,-1,False,False
580,0,3669897,-1,False,False
580,0,3669906,-1,False,False
580,0,3669914,-1,False,False
580,0,3669923,-1,False,False
580,0,3669932,-1,False,False
580,0,3669942,-1,False,False
580,0,3669950,-1,False,False
580,0,3669959,-1,False,False
580,0,3669967,-1,False,False
580,0,3669978,-1,False,False
580,0,3669986,-1,False,False
580,0,3669995,-1,False,False
580,0,3670003,-1,False,False
580,0,3670013,-1,False,False
580,0,3670022,-1,False,False
580,0,3670031,-1,False,False
580,0,3670039,-1,False,False
580,0,3670048,-1,False,False
580,0,3670056,-1,False,False
580,0,3670067,-1,False,False
580,0,3670075,-1,False,False
580,0,3670084,-1,False,False
580,0,3670092,-1,False,False
580,0,3670103,-1,False,False
580,0,3670111,-1,False,False
580,0,3670120,-1,False,False
580,0,3670128,-1,False,False
580,0,3670138,-1,False,False
580,0,3670147,-1,False,False
580,0,3670156,-1,False,False
580,0,3670164,-1,False,False
580,0,3670173,-1,False,False
580,0,3670182,-1,False,False
580,0,3670192,-1,False,False
580,0,3670200,-1,False,False
580,0,3670209,-1,False,False
578,0,3730396,-1,True,False
578,0,3730399,-1,True,False
578,0,3730409,-1,True,False
578,0,3730417,-1,True,False
578,0,3730426,-1,True,False
578,0,3730435,-1,True,False
578,0,3730444,-1,True,False
578,0,3730452,-1,True,False
578,0,3730462,-1,True,False
578,0,3730470,-1,False,False
578,0,3730480,-1,False,False
578,0,3730488,-1,False,False
578,0,3730497,-1,False,False
578,0,3730505,-1,False,False
578,0,3730515,-1,False,False
578,0,3730524,-1,False,False
578,0,3730533,-1,False,False
578,0,3730541,-1,False,False
578,0,3730551,-1,False,False
578,0,3730560,-1,False,False
578,0,3730569,-1,False,False
581,0,3717397,89,3,3
581,0,3717554,90,3,3
581,0,3717706,91,3,3
581,0,3717912,92,3,3
578,1,3732889,596,9,9
578,1,3733058,597,9,9
578,1,3733215,598,9,9
578,1,3733501,599,9,9
581,0,3719548,93,4,4
581,0,3719569,94,4,4
581,0,3720117,95,4,4
581,0,3720294,96,4,4
581,0,3720584,97,4,4
581,0,3720744,98,4,4
578,0,3756257,905,11,11
578,0,3756391,906,11,11
578,0,3756492,907,11,11
578,0,3756590,908,11,11
578,0,3758292,909,12,12
578,0,3758350,910,12,12
578,0,3758565,911,12,12
578,0,3758683,912,12,12
578,0,3758792,913,12,12
578,0,3758910,914,12,12
578,0,3759024,915,12,12
578,0,3759141,916,12,12
578,0,3759255,917,12,12
578,0,3759376,918,12,12
578,0,3759490,919,12,12
578,0,3759607,920,12,12
578,0,3759732,921,12,12
578,0,3759854,922,12,12
578,0,3759979,923,12,12
578,0,3760089,924,12,12
578,0,3760219,925,12,12
578,0,3760339,926,12,12
578,0,3760460,927,12,12
578,0,3760594,928,12,12
578,0,3760715,929,12,12
578,0,3760833,930,12,12
578,0,3760958,931,12,12
578,0,3761084,932,12,12
578,0,3761202,933,12,12
578,0,3761314,934,12,12
578,0,3761444,935,12,12
578,0,3761577,936,12,12
578,0,3761695,937,12,12
578,0,3761816,938,12,12
578,0,3761934,939,12,12
578,0,3762060,940,12,12
578,0,3762189,941,12,12
578,0,3762311,942,12,12
578,0,3762440,943,12,12
578,0,3762552,944,12,12
578,0,3762678,945,12,12
578,0,3762807,946,12,12
578,0,3762936,947,12,12
578,0,3763065,948,12,12
578,0,3763187,949,12,12
578,0,3763336,950,12,12
581,0,3749315,-1,True,False
581,0,3749319,-1,True,False
581,0,3749328,-1,True,False
581,0,3749337,-1,True,False
581,0,3749346,-1,True,False
581,0,3749354,-1,True,False
581,0,3749363,-1,True,False
581,0,3749371,-1,True,False
581,0,3749382,-1,True,False
581,0,3749390,-1,False,False
578,0,3763465,951,12,12
581,0,3749399,-1,False,False
581,0,3749407,-1,False,False
581,0,3749416,-1,False,False
581,0,3749426,-1,False,False
581,0,3749435,-1,False,False
581,0,3749443,-1,False,False
581,0,3749452,-1,False,False
581,0,3749460,-1,False,False
581,0,3749471,-1,False,False
581,0,3749479,-1,False,False
581,0,3749488,-1,False,False
581,0,3749496,-1,False,False
581,0,3749507,-1,False,False
581,0,3749515,-1,False,False
581,0,3749524,-1,False,False
578,0,3763599,952,12,12
581,0,3749532,-1,False,False
581,0,3749541,-1,False,False
581,0,3749551,-1,False,False
581,0,3749560,-1,False,False
581,0,3749568,-1,False,False
581,0,3749577,-1,False,False
581,0,3749585,-1,False,False
581,0,3749596,-1,False,False
581,0,3749604,-1,False,False
581,0,3749613,-1,False,False
581,0,3749621,-1,False,False
581,0,3749632,-1,False,False
578,0,3763732,953,12,12
581,0,3749640,-1,False,False
581,0,3749649,-1,False,False
581,0,3749657,-1,False,False
581,0,3749666,-1,False,False
581,0,3749676,-1,False,False
581,0,3749685,-1,False,False
581,0,3749693,-1,False,False
581,0,3749702,-1,False,False
581,0,3749710,-1,False,False
581,0,3749721,-1,False,False
581,0,3749729,-1,False,False
581,0,3749738,-1,False,False
581,0,3749746,-1,False,False
581,0,3749756,-1,False,False
581,0,3749765,-1,False,False
578,0,3763869,954,12,12
581,0,3749774,-1,False,False
581,0,3749782,-1,False,False
581,0,3749791,-1,False,False
581,0,3749800,-1,False,False
581,0,3749810,-1,False,False
581,0,3749818,-1,False,False
581,0,3749827,-1,False,False
581,0,3749835,-1,False,False
581,0,3749846,-1,False,False
581,0,3749854,-1,False,False
581,0,3749863,-1,False,False
581,0,3749871,-1,False,False
581,0,3749881,-1,False,False
581,0,3749890,-1,False,False
581,0,3749899,-1,False,False
581,0,3749907,-1,False,False
578,0,3763994,955,12,12
581,0,3749917,-1,False,False
581,0,3749925,-1,False,False
581,0,3749935,-1,False,False
581,0,3749943,-1,False,False
581,0,3749952,-1,False,False
581,0,3749960,-1,False,False
581,0,3749970,-1,False,False
581,0,3749979,-1,False,False
581,0,3749988,-1,False,False
581,0,3749996,-1,False,False
581,0,3750006,-1,False,False
581,0,3750014,-1,False,False
581,0,3750024,-1,False,False
581,0,3750032,-1,False,False
581,0,3750042,-1,False,False
581,0,3750050,-1,False,False
578,0,3764127,956,12,12
581,0,3750060,-1,False,False
581,0,3750068,-1,False,False
581,0,3750077,-1,False,False
581,0,3750085,-1,False,False
581,0,3750095,-1,False,False
581,0,3750104,-1,False,False
581,0,3750113,-1,False,False
581,0,3750121,-1,False,False
581,0,3750131,-1,False,False
581,0,3750139,-1,False,False
578,0,3764269,957,12,12
578,0,3764393,958,12,12
578,0,3764523,959,12,12
578,0,3764656,960,12,12
578,0,3764786,961,12,12
578,0,3764918,962,12,12
578,0,3765051,963,12,12
578,0,3765185,964,12,12
578,0,3765318,965,12,12
578,0,3765467,966,12,12
578,0,3765611,967,12,12
578,0,3765740,968,12,12
578,0,3765862,969,12,12
578,0,3766003,970,12,12
578,0,3766140,971,12,12
578,0,3766278,972,12,12
578,0,3766414,973,12,12
578,0,3766559,974,12,12
578,0,3766704,975,12,12
578,0,3766853,976,12,12
578,0,3767003,977,12,12
578,0,3767154,978,12,12
578,0,3767304,979,12,12
578,0,3767460,980,12,12
578,0,3767613,981,12,12
578,0,3767754,982,12,12
578,0,3767907,983,12,12
578,0,3768052,984,12,12
578,0,3768208,985,12,12
578,0,3768360,986,12,12
578,0,3771338,987,12,12
580,0,3767364,568,8,8
580,0,3767477,569,8,8
580,0,3767578,570,8,8
580,0,3767680,571,8,8
580,0,3769378,572,9,9
580,0,3769472,573,9,9
580,0,3769600,574,9,9
580,0,3769733,575,9,9
580,0,3769861,576,9,9
580,0,3769990,577,9,9
580,0,3770126,578,9,9
580,0,3770255,579,9,9
580,0,3770376,580,9,9
578,0,3794033,-1,True,False
578,0,3794037,-1,True,False
578,0,3794046,-1,True,False
578,0,3794055,-1,True,False
578,0,3794064,-1,True,False
578,0,3794072,-1,True,False
578,0,3794082,-1,True,False
578,0,3794091,-1,True,False
578,0,3794100,-1,True,False
578,0,3794108,-1,False,False
578,0,3794117,-1,False,False
578,0,3794125,-1,False,False
578,0,3794136,-1,False,False
578,0,3794144,-1,False,False
578,0,3794153,-1,False,False
578,0,3794161,-1,False,False
578,0,3794171,-1,False,False
578,0,3794180,-1,False,False
578,0,3794189,-1,False,False
578,0,3794197,-1,False,False
578,0,3794206,-1,False,False
578,0,3794214,-1,False,False
578,0,3794225,-1,False,False
578,0,3794233,-1,False,False
578,0,3794242,-1,False,False
578,0,3794250,-1,False,False
578,0,3794260,-1,False,False
578,0,3794269,-1,False,False
578,0,3794278,-1,False,False
578,0,3794286,-1,False,False
578,0,3794296,-1,False,False
578,0,3794305,-1,False,False
578,0,3794314,-1,False,False
578,0,3794322,-1,False,False
578,0,3794331,-1,False,False
578,0,3794339,-1,False,False
578,0,3794350,-1,False,False
578,0,3794358,-1,False,False
578,0,3794367,-1,False,False
578,0,3794375,-1,False,False
578,0,3794385,-1,False,False
578,0,3794394,-1,False,False
578,0,3794403,-1,False,False
578,0,3794411,-1,False,False
578,0,3794421,-1,False,False
578,0,3794429,-1,False,False
578,0,3794439,-1,False,False
578,0,3794447,-1,False,False
578,0,3794456,-1,False,False
578,0,3794464,-1,False,False
578,0,3794475,-1,False,False
578,0,3794483,-1,False,False
578,0,3794492,-1,False,False
578,0,3794500,-1,False,False
578,0,3794510,-1,False,False
580,0,3779630,-1,True,False
580,0,3779633,-1,True,False
580,0,3779642,-1,True,False
580,0,3779650,-1,True,False
580,0,3779660,-1,True,False
580,0,3779668,-1,True,False
580,0,3779678,-1,True,False
580,0,3779686,-1,True,False
580,0,3779695,-1,True,False
580,0,3779703,-1,False,False
580,0,3779714,-1,False,False
580,0,3779722,-1,False,False
580,0,3779731,-1,False,False
580,0,3779739,-1,False,False
580,0,3779748,-1,False,False
580,0,3779758,-1,False,False
580,0,3779767,-1,False,False
580,0,3779775,-1,False,False
580,0,3779784,-1,False,False
580,0,3779792,-1,False,False
580,0,3779803,-1,False,False
580,0,3779811,-1,False,False
580,0,3779820,-1,False,False
580,0,3779828,-1,False,False
580,0,3779838,-1,False,False
580,0,3779847,-1,False,False
580,0,3779856,-1,False,False
580,0,3779864,-1,False,False
580,0,3779874,-1,False,False
580,0,3779883,-1,False,False
580,0,3779892,-1,False,False
580,0,3779900,-1,False,False
580,0,3779909,-1,False,False
580,0,3779917,-1,False,False
580,0,3779928,-1,False,False
580,0,3779936,-1,False,False
580,0,3779945,-1,False,False
580,0,3779953,-1,False,False
580,0,3779963,-1,False,False
580,0,3779972,-1,False,False
580,0,3779981,-1,False,False
580,0,3779989,-1,False,False
580,0,3779999,-1,False,False
580,0,3780007,-1,False,False
580,0,3780017,-1,False,False
580,0,3780025,-1,False,False
580,0,3780034,-1,False,False
580,0,3780042,-1,False,False
580,0,3780052,-1,False,False
580,0,3780061,-1,False,False
580,0,3780070,-1,False,False
580,0,3780078,-1,False,False
580,0,3780088,-1,False,False
580,0,3780097,-1,False,False
580,0,3780106,-1,False,False
580,0,3780114,-1,False,False
580,0,3780124,-1,False,False
580,0,3780132,-1,False,False
580,0,3780142,-1,False,False
580,0,3780150,-1,False,False
580,0,3780159,-1,False,False
580,0,3780167,-1,False,False
580,0,3780177,-1,False,False
580,0,3780186,-1,False,False
580,0,3780195,-1,False,False
580,0,3780203,-1,False,False
580,0,3780213,-1,False,False
580,0,3780221,-1,False,False
580,0,3780231,-1,False,False
580,0,3780239,-1,False,False
580,0,3780249,-1,False,False
580,0,3780257,-1,False,False
578,0,3818220,988,12,12
578,0,3818542,989,12,12
578,0,3818671,990,12,12
578,0,3818796,991,12,12
581,1,3806222,1274,10,10
578,0,3820514,992,13,13
578,0,3820587,993,13,13
578,0,3820688,994,13,13
578,0,3820793,995,13,13
578,0,3820903,996,13,13
578,0,3821017,997,13,13
578,0,3821248,998,13,13
578,0,3821459,999,13,13
578,0,3821683,1000,13,13
578,0,3821918,1001,13,13
578,0,3822263,1002,13,13
578,0,3822493,1003,13,13
578,0,3822740,1004,13,13
578,0,3822858,1005,13,13
578,0,3822983,1006,13,13
578,0,3823105,1007,13,13
578,0,3823221,1008,13,13
578,0,3823354,1009,13,13
578,0,3823465,1010,13,13
578,0,3823590,1011,13,13
578,0,3823712,1012,13,13
578,0,3823845,1013,13,13
578,0,3823966,1014,13,13
578,0,3824091,1015,13,13
578,0,3824224,1016,13,13
578,0,3824357,1017,13,13
578,0,3824487,1018,13,13
578,0,3824620,1019,13,13
578,0,3824753,1020,13,13
578,0,3824882,1021,13,13
578,0,3825008,1022,13,13
578,0,3825141,1023,13,13
578,0,3825270,1024,13,13
578,0,3825399,1025,13,13
578,0,3825532,1026,13,13
578,0,3825642,1027,13,13
578,0,3825779,1028,13,13
578,0,3825901,1029,13,13
578,0,3826015,1030,13,13
578,0,3826151,1031,13,13
578,0,3826269,1032,13,13
578,0,3826382,1033,13,13
578,0,3826524,1034,13,13
578,0,3826653,1035,13,13
578,0,3826786,1036,13,13
578,0,3826911,1037,13,13
578,0,3827044,1038,13,13
578,0,3827177,1039,13,13
578,0,3827306,1040,13,13
578,0,3827448,1041,13,13
578,0,3827581,1042,13,13
578,0,3827715,1043,13,13
578,0,3827844,1044,13,13
578,0,3827980,1045,13,13
578,0,3828113,1046,13,13
578,0,3828250,1047,13,13
578,0,3828387,1048,13,13
578,0,3828532,1049,13,13
578,0,3828658,1050,13,13
578,0,3828783,1051,13,13
578,0,3828920,1052,13,13
578,0,3829053,1053,13,13
578,0,3829198,1054,13,13
578,0,3829331,1055,13,13
578,0,3829469,1056,13,13
578,0,3829602,1057,13,13
578,0,3830733,1058,13,13
578,0,3830862,1059,13,13
578,0,3830988,1060,13,13
578,0,3831109,1061,13,13
578,0,3831235,1062,13,13
578,0,3831364,1063,13,13
578,0,3831517,1064,13,13
578,0,3831661,1065,13,13
578,0,3831787,1066,13,13
578,0,3831927,1067,13,13
578,0,3832066,1068,13,13
578,0,3832206,1069,13,13
578,0,3832347,1070,13,13
578,0,3832492,1071,13,13
578,0,3832652,1072,13,13
578,0,3832798,1073,13,13
578,0,3832942,1074,13,13
578,0,3833118,1075,13,13
578,0,3833271,1076,13,13
578,0,3833408,1077,13,13
581,1,3829970,1275,10,10
581,1,3830152,1276,10,10
581,1,3831881,1277,11,11
578,0,3846842,-1,True,False
578,0,3846846,-1,True,False
578,0,3846855,-1,True,False
578,0,3846863,-1,True,False
578,0,3846873,-1,True,False
578,0,3846881,-1,True,False
578,0,3846891,-1,True,False
578,0,3846899,-1,True,False
578,0,3846908,-1,True,False
578,0,3846917,-1,False,False
578,0,3846926,-1,False,False
578,0,3846934,-1,False,False
578,0,3846944,-1,False,False
578,0,3846952,-1,False,False
578,0,3846962,-1,False,False
578,0,3846970,-1,False,False
578,0,3846980,-1,False,False
578,0,3846988,-1,False,False
578,0,3846998,-1,False,False
578,0,3847006,-1,False,False
578,0,3847015,-1,False,False
578,0,3847023,-1,False,False
578,0,3847033,-1,False,False
578,0,3847042,-1,False,False
581,1,3834800,1278,11,11
581,1,3834880,1279,11,11
581,1,3834988,1280,11,11
581,1,3835077,1281,11,11
581,1,3835190,1282,11,11
581,1,3835286,1283,11,11
581,1,3835390,1284,11,11
581,1,3835508,1285,11,11
581,1,3835621,1286,11,11
581,1,3835737,1287,11,11
581,1,3835853,1288,11,11
581,1,3835978,1289,11,11
581,1,3836095,1290,11,11
581,1,3836216,1291,11,11
581,1,3836333,1292,11,11
581,1,3836457,1293,11,11
581,1,3836587,1294,11,11
581,1,3836727,1295,11,11
581,1,3836880,1296,11,11
581,1,3837008,1297,11,11
581,1,3837174,1298,11,11
581,1,3837291,1299,11,11
581,1,3837404,1300,11,11
581,1,3837528,1301,11,11
581,1,3837661,1302,11,11
581,1,3837798,1303,11,11
581,1,3837938,1304,11,11
581,1,3838099,1305,11,11
581,1,3838272,1306,11,11
581,1,3838446,1307,11,11
581,1,3838570,1308,11,11
581,1,3838683,1309,11,11
581,1,3838812,1310,11,11
581,1,3838960,1311,11,11
581,1,3839126,1312,11,11
581,1,3839270,1313,11,11
581,1,3839407,1314,11,11
581,1,3839548,1315,11,11
581,1,3839702,1316,11,11
581,1,3839882,1317,11,11
581,1,3839994,1318,11,11
581,1,3840115,1319,11,11
581,1,3840244,1320,11,11
581,1,3840401,1321,11,11
581,1,3840538,1322,11,11
581,1,3840692,1323,11,11
581,1,3840844,1324,11,11
581,1,3840997,1325,11,11
581,1,3841126,1326,11,11
581,1,3841278,1327,11,11
581,1,3841464,1328,11,11
581,1,3841596,1329,11,11
581,1,3841729,1330,11,11
581,1,3841906,1331,11,11
578,0,3856124,1078,13,13
581,1,3842071,1332,11,11
578,0,3856273,1079,13,13
581,1,3842220,1333,11,11
578,0,3856410,1080,13,13
581,1,3842377,1334,11,11
581,1,3842553,1335,11,11
581,1,3842707,1336,11,11
581,1,3842860,1337,11,11
581,1,3842989,1338,11,11
581,1,3843166,1339,11,11
581,1,3843310,1340,11,11
581,1,3843459,1341,11,11
581,1,3843789,1342,11,11
581,1,3843970,1343,11,11
581,1,3844135,1344,11,11
581,1,3844316,1345,11,11
581,1,3844461,1346,11,11
581,1,3844611,1347,11,11
581,1,3844803,1348,11,11
581,1,3844980,1349,11,11
581,1,3845286,1350,11,11
581,1,3865702,1351,11,11
581,1,3865850,1352,11,11
581,1,3865988,1353,11,11
581,1,3866084,1354,11,11
581,1,3866224,1355,11,11
581,1,3866365,1356,11,11
581,1,3866502,1357,11,11
581,1,3866631,1358,11,11
581,1,3866780,1359,11,11
581,1,3866941,1360,11,11
581,1,3867085,1361,11,11
581,1,3867235,1362,11,11
581,1,3867404,1363,11,11
581,1,3867556,1364,11,11
581,1,3867709,1365,11,11
581,1,3867878,1366,11,11
581,1,3868047,1367,11,11
581,1,3868221,1368,11,11
581,1,3868357,1369,11,11
581,1,3868542,1370,11,11
581,1,3868716,1371,11,11
581,1,3868897,1372,11,11
581,1,3869045,1373,11,11
581,1,3869231,1374,11,11
581,1,3869431,1375,11,11
581,1,3869596,1376,11,11
581,1,3869790,1377,11,11
581,1,3869983,1378,11,11
581,1,3870124,1379,11,11
581,1,3870740,1380,11,11
581,1,3870985,1381,11,11
581,1,3871126,1382,11,11
581,1,3871307,1383,11,11
581,1,3871472,1384,11,11
581,1,3903520,1385,11,11
581,1,3903653,1386,11,11
581,1,3903733,1387,11,11
581,1,3903831,1388,11,11
581,1,3903923,1389,11,11
581,1,3904044,1390,11,11
581,1,3904152,1391,11,11
581,1,3904285,1392,11,11
581,1,3904425,1393,11,11
581,1,3904550,1394,11,11
581,1,3904692,1395,11,11
581,1,3904848,1396,11,11
581,1,3905002,1397,11,11
581,1,3905142,1398,11,11
581,1,3905295,1399,11,11
581,1,3905444,1400,11,11
581,1,3905593,1401,11,11
581,1,3905762,1402,11,11
581,1,3905915,1403,11,11
581,1,3906241,1404,11,11
581,1,3938796,1405,11,11
581,1,3938909,1406,11,11
581,1,3939094,1407,11,11
581,1,3939231,1408,11,11
581,1,3939344,1409,11,11
581,1,3939461,1410,11,11
581,1,3939597,1411,11,11
581,1,3939734,1412,11,11
581,1,3939843,1413,11,11
581,1,3939951,1414,11,11
581,1,3940088,1415,11,11
581,1,3940237,1416,11,11
581,1,3940362,1417,11,11
581,1,3940514,1418,11,11
581,1,3940672,1419,11,11
581,1,3940812,1420,11,11
581,1,3940958,1421,11,11
581,1,3941131,1422,11,11
581,1,3941304,1423,11,11
581,1,3941480,1424,11,11
581,1,3941610,1425,11,11
581,1,3941771,1426,11,11
581,1,3941936,1427,11,11
581,1,3982237,1428,11,11
581,1,3982333,1429,11,11
581,1,3982458,1430,11,11
581,1,3982571,1431,11,11
581,1,3982704,1432,11,11
581,1,3982837,1433,11,11
581,1,3982969,1434,11,11
581,1,3983123,1435,11,11
581,1,3983312,1436,11,11
581,1,3983440,1437,11,11
581,1,3983565,1438,11,11
581,1,3983706,1439,11,11
581,1,3983859,1440,11,11
581,1,3984013,1441,11,11
581,1,3984165,1442,11,11
581,1,3984306,1443,11,11
581,1,3984693,1444,11,11
581,1,3984801,1445,11,11
581,1,3984937,1446,11,11
581,1,3985099,1447,11,11
581,1,3985240,1448,11,11
581,1,3985389,1449,11,11
581,1,3985699,1450,11,11
581,1,4000423,1451,11,11
581,1,4000557,1452,11,11
581,1,4000701,1453,11,11
581,1,4000818,1454,11,11
581,1,4000987,1455,11,11
581,1,4001128,1456,11,11
581,1,4001256,1457,11,11
581,1,4001370,1458,11,11
581,1,4001671,1459,11,11
581,1,4001812,1460,11,11
581,1,4001901,1461,11,11
581,1,4002057,1462,11,11
581,1,4002246,1463,11,11
580,0,4630210,581,9,9
580,0,4630231,582,9,9
580,0,4630250,583,9,9
580,0,4630269,584,9,9
580,0,4631881,585,10,10
580,1,4631895,2068,20,20
580,1,4631912,2069,20,20
580,1,4631930,2070,20,20
580,1,4631951,2071,20,20
580,1,4631974,2072,20,20
580,1,4631990,2073,20,20
580,1,4632013,2074,20,20
580,1,4632029,2075,20,20
580,1,4632052,2076,20,20
580,1,4632072,2077,20,20
580,1,4632091,2078,20,20
580,1,4632107,2079,20,20
580,0,4637817,-1,True,False
580,0,4637821,-1,True,False
580,0,4637831,-1,True,False
580,0,4637839,-1,True,False
580,0,4637848,-1,True,False
580,0,4637856,-1,True,False
580,0,4637865,-1,True,False
580,0,4637874,-1,True,False
580,0,4637884,-1,True,False
580,0,4637892,-1,False,False
580,0,4637901,-1,False,False
580,0,4637910,-1,False,False
580,0,4637920,-1,False,False
580,0,4637928,-1,False,False
580,0,4637937,-1,False,False
580,0,4637945,-1,False,False
580,0,4637955,-1,False,False
580,0,4637963,-1,False,False
580,0,4637973,-1,False,False
580,0,4637981,-1,False,False
580,0,4637990,-1,False,False
580,0,4637999,-1,False,False
580,0,4638009,-1,False,False
580,0,4638017,-1,False,False
580,0,4638026,-1,False,False
580,0,4638034,-1,False,False
580,0,4638045,-1,False,False
580,0,4638053,-1,False,False
580,0,4638062,-1,False,False
580,0,4638070,-1,False,False
580,0,4638080,-1,False,False
580,0,4638088,-1,False,False
580,0,4638098,-1,False,False
580,0,4638106,-1,False,False
580,0,4638115,-1,False,False
580,0,4638124,-1,False,False
580,0,4638134,-1,False,False
580,0,4638142,-1,False,False
580,0,4638151,-1,False,False
580,0,4638159,-1,False,False
580,0,4638170,-1,False,False
580,0,4638178,-1,False,False
580,0,4638187,-1,False,False
580,0,4638195,-1,False,False
580,0,4638204,-1,False,False
580,0,4638214,-1,False,False
580,0,4638223,-1,False,False
580,0,4638231,-1,False,False
580,0,4638240,-1,False,False
580,0,4638248,-1,False,False
580,0,4638259,-1,False,False
580,0,4638267,-1,False,False
580,0,4638276,-1,False,False
581,0,4690975,99,4,4
581,0,4690995,100,4,4
581,0,4691015,101,4,4
581,0,4691035,102,4,4
581,0,4691055,103,4,4
581,0,4691076,104,4,4
581,1,4692238,1464,11,11
581,1,4692261,1465,11,11
581,1,4692282,1466,11,11
581,1,4692298,1467,11,11
581,1,4692318,1468,11,11
581,1,4692342,1469,11,11
581,1,4692363,1470,11,11
581,1,4692378,1471,11,11
581,1,4692403,1472,11,11
581,1,4692419,1473,11,11
581,1,4692439,1474,11,11
581,1,4692463,1475,11,11
581,1,4692483,1476,11,11
581,1,4692499,1477,11,11
581,1,4692523,1478,11,11
581,1,4692543,1479,11,11
581,1,4692559,1480,11,11
581,1,4692580,1481,11,11
581,1,4692600,1482,11,11
581,1,4692624,1483,11,11
581,1,4692644,1484,11,11
581,1,4692660,1485,11,11
581,1,4692680,1486,11,11
581,1,4692700,1487,11,11
581,1,4692716,1488,11,11
